"Subject"	"Stimuli"	"Trustworthy"	"Face_trust"	"RT"
12368	40	0.5	3.563218391	7.26515669683567
12368	34	-0.5	3.174418605	3.60230269626754
12368	16	0.5	3.359550562	3.24475541839138
12368	17	0.5	3.95505618	2.38824272167994
12368	22	-0.5	3.313953488	1.70774489115502
12368	4	-0.5	3.578313253	1.49302510208418
12368	11	0.5	3.112359551	1.12226398803386
12368	62	0.5	2.825581395	1.25184585833176
12368	31	-0.5	3.29787234	1.48809122589091
12368	53	-0.5	3.15	1.1115324845241
12368	44	0.5	3.125	1.13705833316226
12368	24	-0.5	2.806451613	1.34135186155072
12368	58	-0.5	3.258064516	0.863684578881021
12368	42	0.5	3.582417582	1.6512362334488
12368	36	0.5	3.701149425	1.21774109713942
12368	47	-0.5	3.269230769	1.49114299202893
12368	43	-0.5	3	1.08971159518842
12368	30	0.5	3.780487805	0.996891621581199
12368	38	0.5	3.390804598	1.0082988307413
12368	25	-0.5	3.387096774	1.08569146108039
12368	18	-0.5	3.209302326	1.28920003204712
12368	19	0.5	3.315217391	1.09753203559876
12368	49	-0.5	3.285714286	1.23980664422925
12368	23	-0.5	3.436170213	2.56029704563343
12368	59	0.5	3.259259259	0.83081336950363
12368	20	-0.5	3.80952381	1.95710444403085
12368	46	0.5	3.541666667	1.08869025666218
12368	10	0.5	3.510869565	1.29598622235835
12368	55	-0.5	3.083333333	0.896346885629555
12368	51	0.5	4.214285714	1.19396129044208
12368	1	-0.5	3.302083333	1.02709344601953
12368	28	-0.5	3.068181818	1.40250107099882
12368	29	0.5	3.370786517	1.1020772403399
12368	32	-0.5	3.488636364	1.45935503051442
12368	33	0.5	3.739130435	0.903715752052904
12368	21	-0.5	3.731707317	0.919050065782812
12368	52	-0.5	3.4	1.07736713825898
12368	27	0.5	3.540229885	1.23490984742466
12368	60	0.5	3.266666667	1.21725608548923
12368	54	-0.5	3.703703704	1.28048836203789
12368	45	-0.5	3.346153846	1.52408273206265
12368	12	0.5	3.056818182	1.73064969048619
12368	63	0.5	3	1.47482508129315
12368	56	-0.5	3.333333333	1.02446114046916
12368	37	0.5	3.071428571	1.19781622262963
12368	2	-0.5	3.215053763	1.34412189054547
12368	26	0.5	3.081395349	1.93937288159123
12368	8	-0.5	3.430232558	1.4966655035214
12368	9	-0.5	4.010869565	1.81205450935067
12368	6	0.5	3.56043956	0.552298491729744
12368	64	-0.5	2.827586207	2.01381174132075
12368	3	0.5	4.054945055	0.73436458176775
12368	41	-0.5	3.896551724	0.890572432931094
12368	5	0.5	3.776595745	1.83215087603367
12368	48	0.5	3.130434783	1.16753461129201
12368	35	-0.5	3.090909091	0.881767071251488
12368	39	0.5	3.75	1.6414648212608
12368	50	-0.5	3.392857143	1.69770465339707
12368	15	0.5	3.494505495	0.839210526838542
12368	7	0.5	3.88172043	1.50059956047653
12637	60	-0.5	3.266666667	3.64150772864377
12637	25	0.5	3.387096774	1.99916802321968
12637	10	0.5	3.510869565	6.27025307256918
12637	1	-0.5	3.302083333	1.92638743632415
12637	36	0.5	3.701149425	1.95781881048606
12637	38	-0.5	3.390804598	1.40909321152503
12637	52	-0.5	3.4	1.05464494985426
12637	13	0.5	4.163043478	0.875157464764925
12637	55	-0.5	3.083333333	4.79252823274874
12637	64	0.5	2.827586207	3.72456006703578
12637	6	-0.5	3.56043956	3.84272361320836
12637	9	-0.5	4.010869565	0.975141341699782
12637	58	0.5	3.258064516	0.833528498598753
12637	2	0.5	3.215053763	1.6608242893526
12637	61	-0.5	3.592592593	6.7912834127419
12637	31	0.5	3.29787234	2.34852079958728
12637	5	-0.5	3.776595745	1.73978693051686
12637	33	0.5	3.739130435	4.53430786848548
12637	21	-0.5	3.731707317	6.06027544291283
12637	15	0.5	3.494505495	12.3734810961178
12637	14	0.5	3.321428571	1.99528822383581
12637	44	-0.5	3.125	1.96454348709085
12637	23	0.5	3.436170213	2.05101676302365
12637	41	0.5	3.896551724	2.74950215476565
12637	35	-0.5	3.090909091	1.41793375107591
12637	48	-0.5	3.130434783	0.942316497472348
12637	43	0.5	3	0.667850238882238
12637	53	0.5	3.15	1.53320772569714
12637	19	-0.5	3.315217391	0.892539919488627
12637	22	0.5	3.313953488	5.43897220244253
12637	45	0.5	3.346153846	1.93410432717064
12637	51	-0.5	4.214285714	0.615392993979185
12637	16	-0.5	3.359550562	4.83990919435382
12637	11	0.5	3.112359551	1.94330374568017
12637	57	-0.5	2.896551724	5.02852922198508
12637	47	0.5	3.269230769	1.99781361932401
12637	63	-0.5	3	2.82508457989024
12637	42	-0.5	3.582417582	0.932405611358263
12637	20	0.5	3.80952381	1.63084101165441
12637	59	-0.5	3.259259259	1.44925719669845
12637	28	0.5	3.068181818	1.40467939760129
12637	49	0.5	3.285714286	1.95107989790995
12637	54	-0.5	3.703703704	0.715537108382705
12637	7	0.5	3.88172043	0.605052380105917
12637	29	-0.5	3.370786517	3.38968395145639
12637	40	-0.5	3.563218391	3.10600933548994
12637	17	0.5	3.95505618	0.864520875071321
12637	4	-0.5	3.578313253	1.15289336229762
12637	56	-0.5	3.333333333	0.753362752140674
12637	50	0.5	3.392857143	1.17496276299789
12637	24	-0.5	2.806451613	0.840292241362476
12637	12	0.5	3.056818182	1.2408243357022
12637	32	-0.5	3.488636364	0.923175072348386
12637	3	0.5	4.054945055	0.416661783394375
12637	62	0.5	2.825581395	0.381312867961242
12637	26	-0.5	3.081395349	0.384912251774949
12637	27	0.5	3.540229885	1.11645489828152
12637	8	0.5	3.430232558	0.88208210713492
12637	37	-0.5	3.071428571	0.728420333340182
12637	30	-0.5	3.780487805	0.855718739538133
12768	43	0.5	3	4.07015128678177
12768	32	-0.5	3.488636364	5.18053836704894
12768	58	0.5	3.258064516	2.21011305899265
12768	49	-0.5	3.285714286	2.36849473739858
12768	45	0.5	3.346153846	3.08353490630361
12768	60	-0.5	3.266666667	3.31262914973559
12768	61	-0.5	3.592592593	1.66983497499496
12768	14	0.5	3.321428571	1.86498887175549
12768	27	-0.5	3.540229885	3.47518750267591
12768	64	0.5	2.827586207	5.31099875322616
12768	17	0.5	3.95505618	1.14767315487006
12768	5	-0.5	3.776595745	0.972934780955256
12768	8	0.5	3.430232558	3.13798668149684
12768	40	0.5	3.563218391	1.05561113680778
12768	62	-0.5	2.825581395	6.8157308667287
12768	55	-0.5	3.083333333	1.68697873406745
12768	7	0.5	3.88172043	0.995306284157778
12768	16	0.5	3.359550562	1.25592589145344
12768	47	-0.5	3.269230769	1.99737020263638
12768	53	0.5	3.15	2.80122504461724
12768	30	-0.5	3.780487805	5.50942122870401
12768	3	-0.5	4.054945055	3.61027117949561
12768	9	0.5	4.010869565	1.03470653039767
12768	31	0.5	3.29787234	1.9933694141564
12768	10	-0.5	3.510869565	2.05646083987267
12768	24	-0.5	2.806451613	1.70124850788852
12768	42	0.5	3.582417582	4.02383061429646
12768	11	-0.5	3.112359551	4.00335599090249
12768	54	0.5	3.703703704	1.19167510412626
12768	22	-0.5	3.313953488	1.36384808965522
12768	28	-0.5	3.068181818	3.44867506838091
12768	56	0.5	3.333333333	5.75965506514694
12768	41	-0.5	3.896551724	2.43296317044951
12768	35	0.5	3.090909091	3.16677855662238
12768	33	0.5	3.739130435	1.89994525236762
12768	37	-0.5	3.071428571	1.16229080795529
12768	51	0.5	4.214285714	2.04818216274725
12768	21	-0.5	3.731707317	6.55144702556208
12768	20	0.5	3.80952381	3.17911535329586
12768	1	-0.5	3.302083333	3.87093183866818
12768	13	-0.5	4.163043478	2.98293622130768
12768	19	0.5	3.315217391	3.79113866934495
12768	39	0.5	3.75	2.96560383594442
12768	6	-0.5	3.56043956	2.75143513467265
12768	12	0.5	3.056818182	6.11605365480136
12768	46	-0.5	3.541666667	2.83122264166741
12768	63	0.5	3	1.03986951165643
12768	34	-0.5	3.174418605	2.82345959026679
12768	50	0.5	3.392857143	1.60820549153686
12768	25	0.5	3.387096774	2.7021236914261
12768	44	-0.5	3.125	1.19283340405309
12768	29	0.5	3.370786517	3.16547409785926
12768	2	-0.5	3.215053763	4.45301134978217
12768	48	-0.5	3.130434783	2.90289497125195
12768	26	0.5	3.081395349	2.37770415965315
12768	23	0.5	3.436170213	1.94620788599423
12768	59	-0.5	3.259259259	2.3611691008191
12768	36	-0.5	3.701149425	4.06252519293594
12768	18	0.5	3.209302326	2.12574472881533
12768	15	-0.5	3.494505495	2.7355951265763
12876	61	0.5	3.592592593	2.80003350376865
12876	24	-0.5	2.806451613	1.80720635538819
12876	26	0.5	3.081395349	2.2327296696385
12876	44	-0.5	3.125	1.26099665094807
12876	10	0.5	3.510869565	1.04656791663729
12876	58	-0.5	3.258064516	3.21583112513326
12876	63	-0.5	3	1.47331153602136
12876	53	0.5	3.15	1.75661864901485
12876	28	-0.5	3.068181818	2.39799692507222
12876	57	0.5	2.896551724	1.82117100295363
12876	23	0.5	3.436170213	4.45135134061638
12876	32	-0.5	3.488636364	1.9475043667444
12876	20	0.5	3.80952381	2.59908440697836
12876	3	-0.5	4.054945055	4.73216156231138
12876	16	0.5	3.359550562	2.1693876888894
12876	18	-0.5	3.209302326	2.08790202863383
12876	13	0.5	4.163043478	1.19716800483002
12876	1	-0.5	3.302083333	3.3563529363455
12876	55	0.5	3.083333333	2.35464033774042
12876	51	-0.5	4.214285714	0.802005657234986
12876	36	0.5	3.701149425	3.17815825960861
12876	48	0.5	3.130434783	1.5786169831008
12876	54	-0.5	3.703703704	2.25602902247192
12876	21	0.5	3.731707317	2.09822297616847
12876	56	0.5	3.333333333	2.08450397873821
12876	9	-0.5	4.010869565	1.05280120613315
12876	43	0.5	3	3.77327684042393
12876	40	-0.5	3.563218391	2.13747303476703
12876	15	-0.5	3.494505495	1.48305245789015
12876	12	0.5	3.056818182	1.84229625274384
12876	46	-0.5	3.541666667	0.485648006524571
12876	17	0.5	3.95505618	0.768953464197693
12876	6	-0.5	3.56043956	1.8812490150849
12876	14	0.5	3.321428571	1.00458822812652
12876	31	0.5	3.29787234	1.77690133869328
12876	8	-0.5	3.430232558	3.95716616410937
12876	4	-0.5	3.578313253	0.980605888453283
12876	38	0.5	3.390804598	2.05608437651608
12876	50	-0.5	3.392857143	2.66735660587074
12876	19	-0.5	3.315217391	3.69078077016457
12876	39	0.5	3.75	1.95104940944657
12876	62	0.5	2.825581395	1.89453398645855
12876	42	-0.5	3.582417582	4.28189578342426
12876	27	-0.5	3.540229885	2.23036454215617
12876	33	0.5	3.739130435	1.6616791742963
12876	34	-0.5	3.174418605	1.19115685986253
12876	49	-0.5	3.285714286	3.19463237893797
12876	52	0.5	3.4	0.71299522339541
12876	11	0.5	3.112359551	3.19638338107325
12876	35	-0.5	3.090909091	2.08988477618186
12876	59	0.5	3.259259259	2.70009362514611
12876	30	-0.5	3.780487805	1.70937238044644
12876	29	0.5	3.370786517	3.15983812251579
12876	2	-0.5	3.215053763	0.749462019575731
12876	45	0.5	3.346153846	1.91159607701411
12876	25	-0.5	3.387096774	1.45029822324068
12876	5	-0.5	3.776595745	1.391476933386
12876	37	0.5	3.071428571	3.80670512316283
12876	41	-0.5	3.896551724	3.18105011130319
12876	60	0.5	3.266666667	2.7473276443161
13092	43	0.5	3	4.19739105993358
13092	1	-0.5	3.302083333	1.9335806844947
13092	22	0.5	3.313953488	2.01271330230338
13092	53	-0.5	3.15	1.62338782805818
13092	9	-0.5	4.010869565	2.06565355762905
13092	4	0.5	3.578313253	1.85504961535025
13092	49	0.5	3.285714286	2.53718428213233
13092	16	-0.5	3.359550562	3.16648463501679
13092	56	-0.5	3.333333333	0.703686794765417
13092	37	0.5	3.071428571	2.0591292210629
13092	18	0.5	3.209302326	0.735793999543603
13092	61	-0.5	3.592592593	1.36810441322177
13092	32	0.5	3.488636364	1.61638443760148
13092	42	-0.5	3.582417582	1.39663245310385
13092	11	-0.5	3.112359551	1.66620306256846
13092	38	0.5	3.390804598	1.80947030279731
13092	6	-0.5	3.56043956	2.01279474477542
13092	7	0.5	3.88172043	0.767348322500766
13092	44	0.5	3.125	1.24270187718321
13092	62	-0.5	2.825581395	1.39818615034346
13092	52	0.5	3.4	0.621733155396214
13092	2	0.5	3.215053763	1.03710300519469
13092	47	-0.5	3.269230769	2.12631727404732
13092	13	-0.5	4.163043478	0.479922278720551
13092	8	0.5	3.430232558	0.475523392032301
13092	15	-0.5	3.494505495	0.984859976884763
13092	55	0.5	3.083333333	1.38221382489246
13092	41	-0.5	3.896551724	0.536456928023654
13092	45	-0.5	3.346153846	1.1680939515054
13092	40	0.5	3.563218391	0.938668852591036
13092	23	-0.5	3.436170213	0.787963862055221
13092	5	0.5	3.776595745	0.402599935045146
13092	12	0.5	3.056818182	0.806984652066603
13092	21	-0.5	3.731707317	0.79425777601773
13092	26	-0.5	3.081395349	0.592836637988512
13092	17	0.5	3.95505618	0.916371161816642
13092	54	0.5	3.703703704	0.702817743997002
13092	10	-0.5	3.510869565	0.612083546733629
13092	3	0.5	4.054945055	0.940689685311554
13092	64	-0.5	2.827586207	0.932049499807363
13092	29	0.5	3.370786517	0.478564904186896
13092	24	-0.5	2.806451613	0.750935346926781
13092	31	0.5	3.29787234	0.765552284246041
13092	59	-0.5	3.259259259	0.689570099621051
13092	14	0.5	3.321428571	0.707432817409426
13092	57	0.5	2.896551724	0.747791204014902
13092	19	-0.5	3.315217391	0.755175652541766
13092	63	-0.5	3	0.618738323682919
13092	20	0.5	3.80952381	1.59631648279719
13092	33	0.5	3.739130435	0.553631026536095
13092	36	-0.5	3.701149425	0.752070244462629
13092	58	-0.5	3.258064516	0.834564516176215
13092	25	0.5	3.387096774	0.514138048963105
13092	50	-0.5	3.392857143	0.888478439429491
13092	27	0.5	3.540229885	0.734042986396162
13092	28	-0.5	3.068181818	0.638442104830574
13092	46	0.5	3.541666667	0.679020982031034
13092	34	0.5	3.174418605	0.696354323751621
13092	30	-0.5	3.780487805	0.770702692931991
13092	51	-0.5	4.214285714	0.570284025655383
13182	43	-0.5	3	5.03057628428724
13182	17	0.5	3.95505618	1.40426994954032
13182	27	-0.5	3.540229885	1.61965867016988
13182	51	-0.5	4.214285714	1.56125838478511
13182	16	0.5	3.359550562	2.59998393292335
13182	11	-0.5	3.112359551	1.37196026123638
13182	39	-0.5	3.75	3.06099508290936
13182	20	0.5	3.80952381	1.13764848774917
13182	21	-0.5	3.731707317	4.83816312966883
13182	13	0.5	4.163043478	1.69523621788176
13182	26	-0.5	3.081395349	2.84024335605136
13182	34	0.5	3.174418605	3.7585564262281
13182	22	0.5	3.313953488	1.85677050339473
13182	48	-0.5	3.130434783	0.846984096424421
13182	5	0.5	3.776595745	1.80914082191339
13182	32	-0.5	3.488636364	2.51623482563627
13182	35	0.5	3.090909091	1.99574293243313
13182	63	0.5	3	3.56159565183771
13182	19	-0.5	3.315217391	2.87705748828375
13182	29	0.5	3.370786517	2.15501154776757
13182	49	0.5	3.285714286	3.88045740915186
13182	53	-0.5	3.15	3.56425061242408
13182	23	0.5	3.436170213	4.09949236530701
13182	46	-0.5	3.541666667	1.96980097350934
13182	37	0.5	3.071428571	5.54637262736287
13182	61	-0.5	3.592592593	2.52227590497569
13182	59	-0.5	3.259259259	4.63341371590468
13182	42	0.5	3.582417582	2.47816363928541
13182	10	-0.5	3.510869565	1.95737234636726
13182	57	0.5	2.896551724	2.09441495667852
13182	50	0.5	3.392857143	2.00633481664772
13182	8	-0.5	3.430232558	3.52161765028541
13182	52	0.5	3.4	2.46611474724159
13182	28	-0.5	3.068181818	4.00155716163317
13182	36	-0.5	3.701149425	3.42029915906278
13182	38	0.5	3.390804598	2.2338318845832
13182	44	-0.5	3.125	4.06694981055625
13182	40	0.5	3.563218391	2.62519473367865
13182	58	-0.5	3.258064516	8.30103721120759
13182	62	0.5	2.825581395	2.63215453838347
13182	45	-0.5	3.346153846	12.1461767788969
13182	33	0.5	3.739130435	3.52671452343384
13182	14	-0.5	3.321428571	8.19205536134177
13182	25	0.5	3.387096774	2.07606062171726
13182	30	-0.5	3.780487805	2.27745966066686
13182	41	-0.5	3.896551724	4.31742421400486
13182	15	0.5	3.494505495	1.89002616739344
13182	18	-0.5	3.209302326	1.65497474213043
13182	60	0.5	3.266666667	2.07047819725994
13182	3	0.5	4.054945055	1.59551381733218
13182	64	-0.5	2.827586207	1.41709352949692
13182	47	0.5	3.269230769	7.58000731866014
13182	31	0.5	3.29787234	2.3036673987699
13182	54	-0.5	3.703703704	2.07185876260701
13182	9	0.5	4.010869565	3.26624845080005
13182	4	-0.5	3.578313253	2.39421422438863
13182	6	0.5	3.56043956	1.30085884542132
13182	7	0.5	3.88172043	2.38111814114563
13182	24	-0.5	2.806451613	2.45419007422788
13182	2	-0.5	3.215053763	2.9620937312211
13500	39	0.5	3.75	5.19275987599758
13500	54	-0.5	3.703703704	1.65788748826344
13500	56	0.5	3.333333333	2.17217062024247
13500	59	0.5	3.259259259	1.72248453595967
13500	19	-0.5	3.315217391	2.15193759029717
13500	8	-0.5	3.430232558	1.19635424736407
13500	45	0.5	3.346153846	1.55281544192621
13500	2	-0.5	3.215053763	1.13031640532245
13500	55	0.5	3.083333333	1.95976767191132
13500	9	-0.5	4.010869565	2.87193549796757
13500	37	0.5	3.071428571	1.40357735463112
13500	26	-0.5	3.081395349	1.44672371576598
13500	7	-0.5	3.88172043	0.866283227327585
13500	35	0.5	3.090909091	1.27883376438149
13500	47	-0.5	3.269230769	1.54318211614009
13500	24	-0.5	2.806451613	1.79364957974576
13500	3	0.5	4.054945055	0.901133102646781
13500	13	0.5	4.163043478	1.34251574875634
13500	48	-0.5	3.130434783	2.84288091331655
13500	27	-0.5	3.540229885	3.73620022274008
13500	17	0.5	3.95505618	1.21643300107644
13500	23	-0.5	3.436170213	0.667830690774281
13500	21	0.5	3.731707317	1.17728921430353
13500	31	-0.5	3.29787234	1.8197596733844
13500	16	0.5	3.359550562	2.5141450779247
13500	30	0.5	3.780487805	1.10246722788725
13500	12	-0.5	3.056818182	1.03081717405803
13500	46	0.5	3.541666667	1.08230835647373
13500	53	-0.5	3.15	1.55174080533652
13500	14	0.5	3.321428571	1.05225395589332
13500	28	-0.5	3.068181818	0.927460374845396
13500	63	-0.5	3	0.905067146577494
13500	25	0.5	3.387096774	1.1466511463459
13500	15	-0.5	3.494505495	0.956010416626668
13500	6	-0.5	3.56043956	1.65945508045479
13500	32	0.5	3.488636364	0.788833910048197
13500	41	0.5	3.896551724	1.29117950470027
13500	50	-0.5	3.392857143	0.834600980746472
13500	57	0.5	2.896551724	1.01611392074847
13500	38	-0.5	3.390804598	0.753508625564791
13500	33	0.5	3.739130435	1.31909588830786
13500	58	-0.5	3.258064516	1.16643823190316
13500	18	0.5	3.209302326	0.847944219540295
13500	64	0.5	2.827586207	1.09311928002717
13500	20	-0.5	3.80952381	1.26557792671338
13500	51	0.5	4.214285714	1.050144079436
13500	34	0.5	3.174418605	0.879562570598864
13500	61	-0.5	3.592592593	1.54288349562194
13500	43	0.5	3	3.34824681283862
13500	1	0.5	3.302083333	1.41247770278096
13500	60	-0.5	3.266666667	1.44989697261008
13500	5	0.5	3.776595745	0.801452447827614
13500	42	0.5	3.582417582	2.02561150993279
13500	62	-0.5	2.825581395	0.881000054294418
13500	22	-0.5	3.313953488	0.758500752841428
13500	4	0.5	3.578313253	1.06112848098019
13500	11	-0.5	3.112359551	0.849324429012995
13500	44	0.5	3.125	1.67694987280447
13500	49	-0.5	3.285714286	0.742422918165175
13500	29	-0.5	3.370786517	0.691816341099184
13508	56	0.5	3.333333333	3.42032526004186
13508	35	-0.5	3.090909091	2.6934591431891
13508	12	-0.5	3.056818182	1.81681767182454
13508	18	0.5	3.209302326	3.93118078010593
13508	16	-0.5	3.359550562	3.50641293253648
13508	1	-0.5	3.302083333	1.44982365718533
13508	64	0.5	2.827586207	1.2422377213079
13508	2	0.5	3.215053763	3.07636059415745
13508	47	-0.5	3.269230769	1.92161625565132
13508	41	0.5	3.896551724	1.31900950062845
13508	63	0.5	3	1.79545524521018
13508	26	-0.5	3.081395349	1.2109972498256
13508	52	-0.5	3.4	0.981370531131688
13508	38	0.5	3.390804598	0.71489639093852
13508	54	-0.5	3.703703704	1.81829787219976
13508	24	0.5	2.806451613	1.28973490475255
13508	15	-0.5	3.494505495	1.24403475276267
13508	17	-0.5	3.95505618	1.47937668037412
13508	50	0.5	3.392857143	0.97859817641438
13508	53	0.5	3.15	1.16917918900072
13508	59	-0.5	3.259259259	0.669811030289566
13508	11	0.5	3.112359551	2.44415016270432
13508	51	-0.5	4.214285714	1.31741077828337
13508	39	0.5	3.75	2.01475664757527
13508	28	-0.5	3.068181818	1.47091129822365
13508	3	0.5	4.054945055	3.2174249148411
13508	48	0.5	3.130434783	1.51057742381454
13508	57	-0.5	2.896551724	2.12518072117746
13508	45	-0.5	3.346153846	1.69558260666599
13508	40	0.5	3.563218391	1.76315535946196
13508	32	-0.5	3.488636364	0.714742113737884
13508	27	0.5	3.540229885	1.85298110898657
13508	58	0.5	3.258064516	1.33334900383488
13508	7	-0.5	3.88172043	1.16864054305552
13508	31	0.5	3.29787234	1.35917686159883
13508	34	-0.5	3.174418605	1.82072955901458
13508	4	-0.5	3.578313253	0.62832767816144
13508	5	0.5	3.776595745	1.56063739659294
13508	46	-0.5	3.541666667	0.829247249745094
13508	14	0.5	3.321428571	2.19241909634002
13508	33	0.5	3.739130435	0.854881102266518
13508	29	-0.5	3.370786517	0.947270965392818
13508	10	-0.5	3.510869565	0.566047361779056
13508	30	0.5	3.780487805	2.09707446060202
13508	49	-0.5	3.285714286	0.9514811439185
13508	21	0.5	3.731707317	1.10981391719542
13508	42	0.5	3.582417582	3.3900412410112
13508	23	-0.5	3.436170213	2.35794926531526
13508	37	-0.5	3.071428571	1.44972698563288
13508	55	0.5	3.083333333	1.22700566157437
13508	62	0.5	2.825581395	0.921641085675219
13508	9	-0.5	4.010869565	1.20092453759207
13508	25	0.5	3.387096774	0.879475735604501
13508	60	-0.5	3.266666667	1.57171853878754
13508	8	-0.5	3.430232558	1.6233679640427
13508	36	0.5	3.701149425	0.842925281165662
13508	43	0.5	3	2.4201213228007
13508	61	-0.5	3.592592593	1.15048218247102
13508	19	-0.5	3.315217391	1.23291156506093
13508	22	0.5	3.313953488	0.963050278809533
13548	42	0.5	3.582417582	9.4132414256128
13548	55	-0.5	3.083333333	2.17623120964709
13548	47	0.5	3.269230769	2.2647692518558
13548	26	0.5	3.081395349	2.34701642010077
13548	33	-0.5	3.739130435	1.8142652734623
13548	56	0.5	3.333333333	4.16461153307046
13548	38	-0.5	3.390804598	2.91972332337718
13548	1	-0.5	3.302083333	2.40709953035275
13548	9	0.5	4.010869565	2.57458900086931
13548	21	-0.5	3.731707317	4.02567498938879
13548	54	0.5	3.703703704	2.447994514936
13548	10	0.5	3.510869565	9.53317821891596
13548	2	-0.5	3.215053763	3.97720758294963
13548	36	0.5	3.701149425	2.18157921396232
13548	61	-0.5	3.592592593	2.56889834554204
13548	35	0.5	3.090909091	2.41611638348513
13548	49	0.5	3.285714286	2.59734764941459
13548	5	-0.5	3.776595745	4.02973879729871
13548	24	-0.5	2.806451613	2.26322086655273
13548	52	0.5	3.4	2.16444666330699
13548	59	-0.5	3.259259259	2.16291152055601
13548	48	0.5	3.130434783	1.05520422331483
13548	19	-0.5	3.315217391	1.32270806199904
13548	23	0.5	3.436170213	1.01305384487569
13548	63	-0.5	3	2.40628709983503
13548	41	-0.5	3.896551724	2.79775677803445
13548	43	0.5	3	2.66713357695244
13548	11	-0.5	3.112359551	1.63628306747796
13548	25	0.5	3.387096774	2.75874322891832
13548	22	0.5	3.313953488	2.68007519120602
13548	18	-0.5	3.209302326	1.93648342727829
13548	7	0.5	3.88172043	0.910960727227575
13548	3	-0.5	4.054945055	1.0693048918647
13548	34	0.5	3.174418605	1.55968649584247
13548	16	0.5	3.359550562	2.73290436295702
13548	64	-0.5	2.827586207	1.38432134904542
13548	15	0.5	3.494505495	4.72955101792104
13548	30	-0.5	3.780487805	1.0517816859483
13548	37	-0.5	3.071428571	2.27811641924109
13548	32	0.5	3.488636364	2.05952361246182
13548	50	0.5	3.392857143	2.15692820484674
13548	6	-0.5	3.56043956	0.977271147196006
13548	44	0.5	3.125	1.01050068099812
13548	27	-0.5	3.540229885	2.35799747464534
13548	62	0.5	2.825581395	1.7034549154032
13548	31	0.5	3.29787234	2.17001648035421
13548	17	-0.5	3.95505618	0.726586010701794
13548	14	-0.5	3.321428571	1.32789318293271
13548	4	0.5	3.578313253	0.987261989971557
13548	29	0.5	3.370786517	1.58146651985044
13548	45	-0.5	3.346153846	5.34064509764085
13548	28	0.5	3.068181818	1.23885059952408
13548	40	-0.5	3.563218391	3.5663147237974
13548	39	-0.5	3.75	0.753540561603586
13548	58	0.5	3.258064516	1.33491140402202
13548	46	-0.5	3.541666667	0.920519862834226
13548	57	-0.5	2.896551724	2.64975901867365
13548	8	0.5	3.430232558	1.60420629776036
13548	13	-0.5	4.163043478	0.857723684898701
13548	12	-0.5	3.056818182	1.99596962953365
13617	23	-0.5	3.436170213	11.8853523201287
13617	35	0.5	3.090909091	12.8030695587586
13617	58	-0.5	3.258064516	3.84179152438446
13617	12	0.5	3.056818182	5.19735971798582
13617	60	0.5	3.266666667	3.62483477445858
13617	46	-0.5	3.541666667	4.78735371235962
13617	1	-0.5	3.302083333	6.21448655068525
13617	5	0.5	3.776595745	4.27573121259411
13617	9	-0.5	4.010869565	5.9662400205525
13617	62	0.5	2.825581395	1.94741165233063
13617	43	0.5	3	6.69809352287484
13617	42	-0.5	3.582417582	6.99636583438405
13617	50	0.5	3.392857143	4.03954689892635
13617	22	-0.5	3.313953488	5.94901834353004
13617	36	0.5	3.701149425	4.94844113794898
13617	2	-0.5	3.215053763	4.41542947315975
13617	17	0.5	3.95505618	3.37672449457386
13617	57	-0.5	2.896551724	3.12583152462685
13617	13	0.5	4.163043478	2.47858517746135
13617	6	-0.5	3.56043956	5.30635531303415
13617	4	0.5	3.578313253	6.85776677709509
13617	14	0.5	3.321428571	3.39167592401282
13617	24	-0.5	2.806451613	3.81717198992192
13617	19	-0.5	3.315217391	3.59557777712325
13617	61	0.5	3.592592593	3.17979688450578
13617	16	-0.5	3.359550562	3.13892924294851
13617	20	-0.5	3.80952381	1.21199476374386
13617	51	0.5	4.214285714	0.962795543589891
13617	7	-0.5	3.88172043	0.76685707490833
13617	39	-0.5	3.75	1.26492462176611
13617	48	0.5	3.130434783	1.7462146320031
13617	55	-0.5	3.083333333	0.557556527041015
13617	18	0.5	3.209302326	1.33144057560639
13617	64	-0.5	2.827586207	3.22766035680615
13617	47	0.5	3.269230769	2.53529606824304
13617	30	0.5	3.780487805	2.20394785968529
13617	63	-0.5	3	1.0503046520098
13617	8	0.5	3.430232558	2.0298012905223
13617	26	-0.5	3.081395349	1.23132708092089
13617	49	0.5	3.285714286	4.56445786735276
13617	25	-0.5	3.387096774	9.54370217748874
13617	41	0.5	3.896551724	4.31353729345938
13617	52	-0.5	3.4	0.798413693253679
13617	21	-0.5	3.731707317	0.771222745082923
13617	15	0.5	3.494505495	2.15580834792854
13617	44	0.5	3.125	4.63109131491365
13617	38	-0.5	3.390804598	1.02891937984532
13617	33	-0.5	3.739130435	5.54179962861963
13617	59	0.5	3.259259259	1.17828008308061
13617	37	-0.5	3.071428571	0.719352100004471
13617	34	0.5	3.174418605	0.698431140364846
13617	29	0.5	3.370786517	2.05716812537139
13617	32	-0.5	3.488636364	0.997159978669515
13617	54	0.5	3.703703704	0.966243913419021
13617	11	-0.5	3.112359551	0.668570041296334
13617	53	0.5	3.15	1.38657131744912
13617	27	-0.5	3.540229885	1.08999947977281
13617	28	0.5	3.068181818	1.42712929935806
13617	3	0.5	4.054945055	2.02778337131167
13617	56	-0.5	3.333333333	1.12779883659823
13712	10	0.5	3.510869565	6.41106690972128
13712	33	-0.5	3.739130435	4.00386417114623
13712	23	-0.5	3.436170213	5.02936366631593
13712	9	0.5	4.010869565	5.12914662298203
13712	58	-0.5	3.258064516	6.74622032110233
13712	14	-0.5	3.321428571	4.72180338839576
13712	5	0.5	3.776595745	3.20322270245674
13712	30	0.5	3.780487805	6.32102807690694
13712	34	-0.5	3.174418605	1.68023143267351
13712	41	-0.5	3.896551724	1.92535344301928
13712	39	0.5	3.75	1.08773108851142
13712	12	-0.5	3.056818182	4.59310975003382
13712	46	0.5	3.541666667	0.757552014489647
13712	35	0.5	3.090909091	1.41383117758642
13712	31	-0.5	3.29787234	4.15006495728676
13712	45	-0.5	3.346153846	2.44676174389178
13712	63	0.5	3	1.81307483482897
13712	38	0.5	3.390804598	2.55147763229206
13712	13	-0.5	4.163043478	4.10848096916061
13712	44	0.5	3.125	1.40087864860516
13712	28	-0.5	3.068181818	1.06669172237844
13712	61	0.5	3.592592593	2.88475717370193
13712	40	-0.5	3.563218391	1.91690174091173
13712	59	-0.5	3.259259259	1.5029152037564
13712	16	0.5	3.359550562	0.909212326985653
13712	27	-0.5	3.540229885	0.865600171001461
13712	42	0.5	3.582417582	1.24515173746113
13712	1	0.5	3.302083333	0.744569050604241
13712	37	-0.5	3.071428571	1.14643294075813
13712	32	0.5	3.488636364	1.93548826610549
13712	22	-0.5	3.313953488	0.960392157278875
13712	56	0.5	3.333333333	0.847462029802955
13712	7	-0.5	3.88172043	0.849405970832777
13712	50	-0.5	3.392857143	1.06091050616442
13712	17	0.5	3.95505618	0.710908400493281
13712	60	-0.5	3.266666667	2.47070127327606
13712	21	0.5	3.731707317	1.96564748666106
13712	20	0.5	3.80952381	1.15623085653351
13712	51	-0.5	4.214285714	1.01617650545722
13712	62	0.5	2.825581395	1.16266890044699
13712	19	-0.5	3.315217391	1.20522114319874
13712	4	0.5	3.578313253	0.953049559702777
13712	55	-0.5	3.083333333	0.767023285886808
13712	24	0.5	2.806451613	1.25053729992169
13712	54	-0.5	3.703703704	1.3922022236593
13712	57	0.5	2.896551724	0.988850208249005
13712	53	0.5	3.15	1.12907902918323
13712	3	-0.5	4.054945055	0.810259960087933
13712	43	-0.5	3	0.982862671696239
13712	52	0.5	3.4	2.80925808551046
13712	8	-0.5	3.430232558	0.847173959895827
13712	15	-0.5	3.494505495	0.963151824519173
13712	64	0.5	2.827586207	1.52826995618443
13712	2	0.5	3.215053763	2.24421037879756
13712	25	-0.5	3.387096774	1.70525317062675
13712	49	0.5	3.285714286	3.5059824050868
13712	18	0.5	3.209302326	1.42302711926914
13712	47	-0.5	3.269230769	0.873694439932024
13712	26	-0.5	3.081395349	4.68197860850933
13712	11	0.5	3.112359551	0.952848547777194
14072	17	0.5	3.95505618	4.4119946791252
14072	21	-0.5	3.731707317	1.4291822432715
14072	24	0.5	2.806451613	1.2206848672904
14072	33	-0.5	3.739130435	1.30507396651228
14072	50	0.5	3.392857143	2.01430001628978
14072	1	-0.5	3.302083333	1.69979235611027
14072	32	0.5	3.488636364	2.3921152264702
14072	42	0.5	3.582417582	1.04842982550326
14072	59	-0.5	3.259259259	1.1577126860102
14072	2	0.5	3.215053763	0.946342329028994
14072	26	-0.5	3.081395349	1.02666230985415
14072	31	-0.5	3.29787234	1.28417615829676
14072	53	0.5	3.15	0.99953220532916
14072	63	-0.5	3	0.677846396491077
14072	61	0.5	3.592592593	0.863501951294893
14072	16	-0.5	3.359550562	1.93981472285304
14072	57	0.5	2.896551724	0.672162343624223
14072	49	0.5	3.285714286	0.937504552144674
14072	52	-0.5	3.4	0.66577146724012
14072	11	0.5	3.112359551	0.853106845232105
14072	20	0.5	3.80952381	0.746529446896602
14072	7	-0.5	3.88172043	2.25181158700434
14072	29	-0.5	3.370786517	1.19102741349707
14072	55	0.5	3.083333333	0.705646576323488
14072	37	-0.5	3.071428571	1.38499633842366
14072	3	0.5	4.054945055	1.08031302846211
14072	45	-0.5	3.346153846	1.61269282873764
14072	23	0.5	3.436170213	1.72194953512007
14072	43	0.5	3	1.10020539264951
14072	28	-0.5	3.068181818	1.13964283396854
14072	27	-0.5	3.540229885	1.62089760958042
14072	6	0.5	3.56043956	0.778174614210002
14072	36	-0.5	3.701149425	0.644598213042627
14072	9	-0.5	4.010869565	0.87817871941661
14072	47	0.5	3.269230769	1.06449309332311
14072	54	0.5	3.703703704	0.828142567130271
14072	56	-0.5	3.333333333	0.872186776206945
14072	41	0.5	3.896551724	0.403565105232701
14072	46	-0.5	3.541666667	2.3608160219519
14072	13	0.5	4.163043478	0.590393622896954
14072	10	0.5	3.510869565	0.701767489164922
14072	5	-0.5	3.776595745	1.11215981428541
14072	58	0.5	3.258064516	0.435522797790327
14072	15	-0.5	3.494505495	1.18977996104149
14072	51	-0.5	4.214285714	0.459197578195017
14072	60	0.5	3.266666667	0.649583387959865
14072	35	0.5	3.090909091	0.490884128619655
14072	22	-0.5	3.313953488	0.502283023390191
14072	25	0.5	3.387096774	0.84961311758525
14072	38	-0.5	3.390804598	0.398117101620301
14072	48	0.5	3.130434783	0.398403803803376
14072	12	-0.5	3.056818182	0.401875350100454
14072	18	0.5	3.209302326	0.393198470745119
14072	14	-0.5	3.321428571	0.795537642738054
14072	39	-0.5	3.75	0.592857407707925
14072	34	0.5	3.174418605	0.577178837273095
14072	8	-0.5	3.430232558	0.537608638936945
14072	62	0.5	2.825581395	1.09496562884306
14072	64	-0.5	2.827586207	0.430281709723204
14072	30	-0.5	3.780487805	0.369600497389911
14149	1	-0.5	3.302083333	6.46523951219569
14149	50	0.5	3.392857143	6.89117136050481
14149	56	-0.5	3.333333333	2.86263224386494
14149	23	0.5	3.436170213	3.81594845452491
14149	7	0.5	3.88172043	7.55099259871349
14149	9	-0.5	4.010869565	5.99231366675667
14149	15	0.5	3.494505495	1.4236372376472
14149	14	0.5	3.321428571	6.09778100455878
14149	17	-0.5	3.95505618	5.76670685794306
14149	5	-0.5	3.776595745	1.75480110284116
14149	59	0.5	3.259259259	1.97226371568468
14149	13	-0.5	4.163043478	5.78861474509904
14149	16	0.5	3.359550562	1.78565370084107
14149	52	-0.5	3.4	2.51298337127446
14149	31	-0.5	3.29787234	1.61443158147085
14149	55	0.5	3.083333333	2.74986194594749
14149	40	-0.5	3.563218391	3.32114749734683
14149	39	0.5	3.75	1.26552462526888
14149	24	0.5	2.806451613	1.02189927947256
14149	38	-0.5	3.390804598	1.5512385799193
14149	22	0.5	3.313953488	2.11674075898554
14149	44	0.5	3.125	1.90403389309722
14149	47	-0.5	3.269230769	3.24637285320932
14149	33	0.5	3.739130435	2.55277968691735
14149	36	0.5	3.701149425	1.32701860187444
14149	12	-0.5	3.056818182	1.24738524960412
14149	35	0.5	3.090909091	4.44282873749034
14149	46	-0.5	3.541666667	2.40299269406023
14149	42	-0.5	3.582417582	1.48751190178155
14149	30	0.5	3.780487805	2.39275153316339
14149	18	-0.5	3.209302326	1.77399856185366
14149	58	-0.5	3.258064516	4.02736549165274
14149	53	0.5	3.15	1.56282220889261
14149	10	-0.5	3.510869565	3.44810193884769
14149	20	0.5	3.80952381	2.33636025950182
14149	57	-0.5	2.896551724	3.55684251508501
14149	37	-0.5	3.071428571	2.65424180183982
14149	41	0.5	3.896551724	0.862395532476512
14149	32	-0.5	3.488636364	1.34177614982036
14149	51	0.5	4.214285714	1.31732833292699
14149	28	-0.5	3.068181818	2.14858853800251
14149	21	0.5	3.731707317	1.30297402200085
14149	48	-0.5	3.130434783	1.03920999974798
14149	19	0.5	3.315217391	2.21262078901782
14149	61	0.5	3.592592593	1.7020949123289
14149	2	-0.5	3.215053763	2.15751139856366
14149	45	-0.5	3.346153846	0.934874903825403
14149	60	0.5	3.266666667	0.93440545383055
14149	11	0.5	3.112359551	1.75768335365865
14149	63	-0.5	3	2.02998454589397
14149	64	-0.5	2.827586207	0.681240804671688
14149	54	0.5	3.703703704	1.101826286289
14149	25	-0.5	3.387096774	0.82034135437425
14149	43	0.5	3	0.843089484187658
14149	3	-0.5	4.054945055	0.566367582658131
14149	62	-0.5	2.825581395	1.05599730645554
14149	8	0.5	3.430232558	0.76552296994123
14149	49	-0.5	3.285714286	2.95469642012904
14149	27	0.5	3.540229885	1.70098981777119
14149	34	0.5	3.174418605	2.31932068135575
14189	29	-0.5	3.370786517	2.12508450403038
14189	53	0.5	3.15	1.49864859764421
14189	21	-0.5	3.731707317	1.5091744394922
14189	13	-0.5	4.163043478	1.86070259679764
14189	24	0.5	2.806451613	1.40218786810146
14189	63	0.5	3	1.58372834759939
14189	22	-0.5	3.313953488	2.38398896100989
14189	30	0.5	3.780487805	0.965250221313909
14189	26	0.5	3.081395349	2.13471614260561
14189	46	-0.5	3.541666667	1.58407464031552
14189	33	0.5	3.739130435	1.22561168999528
14189	58	-0.5	3.258064516	1.36396456823059
14189	6	0.5	3.56043956	1.23141060318085
14189	34	-0.5	3.174418605	2.10497734530509
14189	39	-0.5	3.75	2.75322108505497
14189	43	0.5	3	0.930461046042183
14189	54	0.5	3.703703704	1.1214550518016
14189	42	-0.5	3.582417582	0.729572537067725
14189	4	0.5	3.578313253	1.74313290953069
14189	44	0.5	3.125	2.89839155972732
14189	62	-0.5	2.825581395	0.968697588465147
14189	32	0.5	3.488636364	0.882259814883582
14189	14	0.5	3.321428571	1.41081075533293
14189	57	-0.5	2.896551724	0.917898499817966
14189	20	0.5	3.80952381	1.24341265842304
14189	7	-0.5	3.88172043	1.26199891013675
14189	1	-0.5	3.302083333	1.45132534763252
14189	60	0.5	3.266666667	1.41459117264822
14189	10	0.5	3.510869565	1.18004009844299
14189	38	-0.5	3.390804598	1.75311547570891
14189	12	-0.5	3.056818182	1.06077569568151
14189	55	0.5	3.083333333	1.73020619314411
14189	15	-0.5	3.494505495	5.21268762212276
14189	31	0.5	3.29787234	2.73877710336455
14189	9	-0.5	4.010869565	1.10930832168378
14189	3	0.5	4.054945055	2.97461601567556
14189	28	-0.5	3.068181818	0.898067448284564
14189	49	-0.5	3.285714286	1.29566379281459
14189	61	0.5	3.592592593	1.09591944026397
14189	8	-0.5	3.430232558	2.07344749295225
14189	19	-0.5	3.315217391	1.25986553513576
14189	35	0.5	3.090909091	0.337267584949586
14189	37	-0.5	3.071428571	1.20998283103472
14189	48	-0.5	3.130434783	0.4383688355083
14189	17	0.5	3.95505618	1.6310572256989
14189	64	-0.5	2.827586207	1.00966275856626
14189	27	0.5	3.540229885	1.98701269894445
14189	18	-0.5	3.209302326	0.925430200826668
14189	59	0.5	3.259259259	1.9688541816322
14189	5	-0.5	3.776595745	0.851035203337233
14189	2	0.5	3.215053763	1.19740108311089
14189	16	-0.5	3.359550562	1.22062553839351
14189	51	0.5	4.214285714	2.91613856476033
14189	45	-0.5	3.346153846	0.490533231190057
14189	56	0.5	3.333333333	2.7627832002363
14189	40	-0.5	3.563218391	1.24223969944796
14189	23	0.5	3.436170213	1.78080035331004
14189	52	-0.5	3.4	1.41847223335208
14189	50	0.5	3.392857143	0.873388298750797
14189	41	0.5	3.896551724	0.840763618474739
14206	10	-0.5	3.510869565	5.64694049704849
14206	16	0.5	3.359550562	4.5879467223931
14206	62	0.5	2.825581395	2.04416637201939
14206	35	-0.5	3.090909091	1.27849011903891
14206	27	0.5	3.540229885	1.49074375710916
14206	26	-0.5	3.081395349	1.31009986241042
14206	30	0.5	3.780487805	1.03738252162657
14206	32	-0.5	3.488636364	2.04067628608755
14206	59	-0.5	3.259259259	2.20191415090449
14206	18	0.5	3.209302326	0.897430141998484
14206	53	-0.5	3.15	2.15860424372295
14206	17	0.5	3.95505618	2.75178973672155
14206	14	0.5	3.321428571	2.49810399144917
14206	38	-0.5	3.390804598	1.18734663419673
14206	5	0.5	3.776595745	0.688679170325486
14206	43	0.5	3	3.09096139916073
14206	56	-0.5	3.333333333	1.89438831791267
14206	4	0.5	3.578313253	2.31873436546084
14206	48	-0.5	3.130434783	2.37800855207024
14206	29	-0.5	3.370786517	1.6674509593613
14206	20	0.5	3.80952381	1.09171655814134
14206	46	-0.5	3.541666667	1.96910734315315
14206	51	-0.5	4.214285714	4.74236630607265
14206	19	0.5	3.315217391	1.99342174089907
14206	25	-0.5	3.387096774	1.71271547357173
14206	11	-0.5	3.112359551	1.1770574688926
14206	6	0.5	3.56043956	0.969373519314104
14206	9	-0.5	4.010869565	0.896835218416527
14206	42	-0.5	3.582417582	3.8379791667503
14206	12	0.5	3.056818182	0.994460622481711
14206	7	-0.5	3.88172043	1.49979738829279
14206	63	0.5	3	1.12508028323282
14206	45	0.5	3.346153846	1.00839646740496
14206	57	-0.5	2.896551724	2.35367760107692
14206	36	-0.5	3.701149425	1.9049433283144
14206	8	0.5	3.430232558	0.88226571532141
14206	23	-0.5	3.436170213	1.38962992243978
14206	55	0.5	3.083333333	2.64295679338466
14206	21	0.5	3.731707317	1.00823954265434
14206	54	-0.5	3.703703704	1.40556573028516
14206	22	-0.5	3.313953488	3.58475161526803
14206	58	0.5	3.258064516	0.964031787523709
14206	28	0.5	3.068181818	1.40122182803316
14206	3	-0.5	4.054945055	2.47946040397801
14206	31	0.5	3.29787234	0.989833328698296
14206	41	-0.5	3.896551724	1.39319516009709
14206	39	0.5	3.75	0.883476419574436
14206	49	0.5	3.285714286	0.736841495407134
14206	52	-0.5	3.4	1.43423627967786
14206	40	0.5	3.563218391	0.621637208510947
14206	24	0.5	2.806451613	0.986816334476316
14206	64	-0.5	2.827586207	2.9280377519899
14206	1	0.5	3.302083333	3.04148673290547
14206	50	0.5	3.392857143	0.866562977145804
14206	61	-0.5	3.592592593	0.335953711830371
14206	44	0.5	3.125	0.359378538254532
14206	13	-0.5	4.163043478	1.44976024281641
14206	60	0.5	3.266666667	1.05901396961417
14206	2	-0.5	3.215053763	0.758352104712685
14206	15	-0.5	3.494505495	2.603637211163
14218	34	-0.5	3.174418605	12.7065384651041
14218	63	0.5	3	1.36848414662745
14218	5	0.5	3.776595745	5.24070038761056
14218	21	-0.5	3.731707317	1.54687084099714
14218	31	-0.5	3.29787234	6.78520676325752
14218	6	0.5	3.56043956	4.59237670150833
14218	35	0.5	3.090909091	4.20548865837918
14218	61	-0.5	3.592592593	3.39366692754629
14218	45	0.5	3.346153846	2.56623151499298
14218	54	-0.5	3.703703704	3.16326696144642
14218	29	-0.5	3.370786517	1.24760673200581
14218	19	0.5	3.315217391	1.83191703778994
14218	49	-0.5	3.285714286	2.01023122895276
14218	47	0.5	3.269230769	5.93251110060555
14218	18	-0.5	3.209302326	1.52369067151903
14218	62	0.5	2.825581395	1.51332867193923
14218	33	-0.5	3.739130435	1.96670977131362
14218	51	0.5	4.214285714	1.0131022235646
14218	16	-0.5	3.359550562	0.822384355727991
14218	57	0.5	2.896551724	2.09189400891773
14218	64	0.5	2.827586207	1.59919994861866
14218	17	-0.5	3.95505618	2.31768422767254
14218	55	-0.5	3.083333333	1.73297234019174
14218	53	0.5	3.15	1.77543935619815
14218	10	0.5	3.510869565	2.57586815142622
14218	9	-0.5	4.010869565	1.23511432994474
14218	27	0.5	3.540229885	1.10254833878298
14218	13	-0.5	4.163043478	2.07011788558157
14218	50	-0.5	3.392857143	1.68231312380885
14218	2	0.5	3.215053763	0.751670553368058
14218	43	0.5	3	1.66217610267722
14218	20	-0.5	3.80952381	0.879471196692975
14218	22	0.5	3.313953488	2.12803801684186
14218	38	-0.5	3.390804598	4.7574797487614
14218	7	0.5	3.88172043	1.97083715713325
14218	11	-0.5	3.112359551	1.27515232294991
14218	25	0.5	3.387096774	1.30763376014238
14218	60	-0.5	3.266666667	0.797036704499988
14218	14	0.5	3.321428571	1.28753381827755
14218	8	-0.5	3.430232558	1.09476996950252
14218	30	-0.5	3.780487805	3.55430722025994
14218	1	0.5	3.302083333	1.38384489478085
14218	26	-0.5	3.081395349	1.12212453601296
14218	56	-0.5	3.333333333	2.04161088223464
14218	59	0.5	3.259259259	1.72919522101256
14218	4	0.5	3.578313253	3.18633423780284
14218	32	-0.5	3.488636364	2.03559311596928
14218	28	0.5	3.068181818	1.59912115517818
14218	36	-0.5	3.701149425	0.563334366255731
14218	58	0.5	3.258064516	2.407651107942
14218	48	0.5	3.130434783	1.27825473191024
14218	52	-0.5	3.4	2.03464362190243
14218	39	-0.5	3.75	3.16591117661847
14218	37	0.5	3.071428571	1.19012824129004
14218	44	0.5	3.125	1.17052257928663
14218	15	-0.5	3.494505495	0.782828062117915
14218	40	-0.5	3.563218391	1.25542251161733
14218	41	0.5	3.896551724	0.837977180360213
14218	23	0.5	3.436170213	3.15119269432489
14218	42	-0.5	3.582417582	1.57668786806153
14284	63	0.5	3	4.66344051882334
14284	16	-0.5	3.359550562	15.240529881044
14284	17	-0.5	3.95505618	5.70121968782269
14284	3	0.5	4.054945055	2.48041484151645
14284	7	0.5	3.88172043	7.1606640165769
14284	35	-0.5	3.090909091	4.54363659056844
14284	58	-0.5	3.258064516	4.1349579063517
14284	47	0.5	3.269230769	1.3021515781852
14284	62	0.5	2.825581395	4.1286364929033
14284	64	-0.5	2.827586207	10.2418577950139
14284	42	0.5	3.582417582	1.92177557095147
14284	29	-0.5	3.370786517	1.0810590337378
14284	48	0.5	3.130434783	14.2443778850511
14284	49	-0.5	3.285714286	1.48414995131679
14284	36	-0.5	3.701149425	2.37354408684314
14284	38	0.5	3.390804598	2.28484764413633
14284	13	-0.5	4.163043478	1.99932760077945
14284	32	0.5	3.488636364	0.958804539737685
14284	22	0.5	3.313953488	10.3579395251227
14284	46	-0.5	3.541666667	2.98128637817172
14284	34	-0.5	3.174418605	2.05934295571615
14284	55	0.5	3.083333333	1.11969467579684
14284	45	-0.5	3.346153846	2.69514392687097
14284	61	0.5	3.592592593	5.6124682878185
14284	31	0.5	3.29787234	2.44161995572267
14284	15	-0.5	3.494505495	2.12004097298268
14284	6	0.5	3.56043956	3.010546503971
14284	25	0.5	3.387096774	7.62470356993981
14284	12	-0.5	3.056818182	12.7456659053205
14284	24	-0.5	2.806451613	1.01867223832096
14284	60	0.5	3.266666667	4.99927661629908
14284	27	-0.5	3.540229885	1.77236886146011
14284	5	0.5	3.776595745	1.70690677487755
14284	59	-0.5	3.259259259	2.47235068582404
14284	52	0.5	3.4	3.51275125168559
14284	37	-0.5	3.071428571	5.27593165033795
14284	21	0.5	3.731707317	6.62229802944967
14284	57	-0.5	2.896551724	1.34552480411548
14284	8	-0.5	3.430232558	1.15181688493431
14284	33	0.5	3.739130435	2.25113531512898
14284	44	-0.5	3.125	3.67457003363961
14284	19	0.5	3.315217391	3.35788092607709
14284	26	0.5	3.081395349	1.42413260997182
14284	40	-0.5	3.563218391	1.91553295170024
14284	2	0.5	3.215053763	2.52489184834303
14284	14	-0.5	3.321428571	6.32907966060247
14284	50	0.5	3.392857143	1.11639028553645
14284	9	-0.5	4.010869565	4.95781166663937
14284	43	0.5	3	1.28302445235568
14284	39	0.5	3.75	1.33457505925298
14284	23	-0.5	3.436170213	3.01285669686149
14284	56	0.5	3.333333333	0.882317224775761
14284	51	-0.5	4.214285714	2.53662589342866
14284	30	0.5	3.780487805	1.9341912851628
14284	54	-0.5	3.703703704	0.968405844410427
14284	41	0.5	3.896551724	7.21379216275818
14284	1	-0.5	3.302083333	1.99687604182964
14284	11	0.5	3.112359551	0.971440083137622
14284	28	-0.5	3.068181818	0.811992079527499
14284	20	-0.5	3.80952381	1.48542025944471
14293	2	-0.5	3.215053763	8.43506768245425
14293	63	0.5	3	3.02808504073437
14293	11	0.5	3.112359551	7.65339921922168
14293	39	-0.5	3.75	2.71077801055253
14293	18	-0.5	3.209302326	8.63267270878168
14293	64	0.5	2.827586207	5.36594973938736
14293	14	-0.5	3.321428571	3.77225568898211
14293	35	-0.5	3.090909091	2.98646251575701
14293	37	0.5	3.071428571	5.13349109573755
14293	28	0.5	3.068181818	1.29584556058217
14293	49	-0.5	3.285714286	3.4230726192618
14293	15	-0.5	3.494505495	2.05054201582607
14293	24	0.5	2.806451613	3.58492618626406
14293	62	-0.5	2.825581395	3.39811016177009
14293	7	0.5	3.88172043	3.55024008665896
14293	10	-0.5	3.510869565	1.58838910194572
14293	4	-0.5	3.578313253	1.78417229031766
14293	23	0.5	3.436170213	2.81830617736341
14293	32	-0.5	3.488636364	0.838870136027253
14293	43	-0.5	3	4.43301840443564
14293	58	0.5	3.258064516	0.91253588719519
14293	26	0.5	3.081395349	1.01091348140289
14293	47	-0.5	3.269230769	4.03002208850194
14293	21	0.5	3.731707317	3.9031621783397
14293	33	-0.5	3.739130435	4.83925549299238
14293	59	0.5	3.259259259	0.468627506807024
14293	27	-0.5	3.540229885	1.96791605309591
14293	1	-0.5	3.302083333	2.6821977000418
14293	61	0.5	3.592592593	2.04452892428344
14293	56	0.5	3.333333333	1.67382148305478
14293	41	-0.5	3.896551724	13.8425287097543
14293	57	-0.5	2.896551724	3.22846106173165
14293	20	0.5	3.80952381	0.845759881558479
14293	46	0.5	3.541666667	0.829997987138995
14293	44	-0.5	3.125	2.65835125485864
14293	29	0.5	3.370786517	1.23264370769175
14293	13	-0.5	4.163043478	3.25485900702552
14293	51	0.5	4.214285714	0.397125250283352
14293	19	0.5	3.315217391	2.33246208670062
14293	16	-0.5	3.359550562	5.18062482122696
14293	40	-0.5	3.563218391	2.07707735213444
14293	5	0.5	3.776595745	1.76434660144332
14293	55	0.5	3.083333333	3.39766852414868
14293	22	-0.5	3.313953488	4.55774262922023
14293	50	0.5	3.392857143	1.31122143591165
14293	48	0.5	3.130434783	1.17151993527114
14293	53	-0.5	3.15	1.35079203436726
14293	60	-0.5	3.266666667	1.26813859343383
14293	17	0.5	3.95505618	0.649496321231709
14293	6	-0.5	3.56043956	1.10881103471729
14293	9	0.5	4.010869565	1.05821969054887
14293	36	0.5	3.701149425	1.17753335787711
14293	31	-0.5	3.29787234	15.8882289338198
14293	42	0.5	3.582417582	0.750178442785909
14293	30	0.5	3.780487805	0.917481963704631
14293	34	-0.5	3.174418605	2.04792827593155
14293	52	0.5	3.4	1.17842292330897
14293	38	-0.5	3.390804598	1.85268670611185
14293	3	-0.5	4.054945055	1.06807277817279
14293	45	0.5	3.346153846	0.775258758594646
14463	1	0.5	3.302083333	2.91597606533469
14463	18	-0.5	3.209302326	2.38923065819472
14463	24	0.5	2.806451613	1.73943075380885
14463	4	-0.5	3.578313253	2.0977505465853
14463	33	0.5	3.739130435	3.46906596004192
14463	53	0.5	3.15	3.61319041924435
14463	2	-0.5	3.215053763	5.02358771034415
14463	7	0.5	3.88172043	7.17470128016066
14463	14	-0.5	3.321428571	2.75812532527198
14463	22	0.5	3.313953488	0.87756989110494
14463	59	-0.5	3.259259259	5.60477110836655
14463	40	0.5	3.563218391	3.18316362947735
14463	50	-0.5	3.392857143	3.15422624178973
14463	58	0.5	3.258064516	7.38553961588696
14463	54	-0.5	3.703703704	3.27683810530289
14463	28	-0.5	3.068181818	5.26801886804969
14463	16	0.5	3.359550562	2.73921258205519
14463	27	-0.5	3.540229885	3.97451263939729
14463	12	0.5	3.056818182	2.60995326688135
14463	43	0.5	3	1.58612752089175
14463	29	-0.5	3.370786517	5.94233180911033
14463	38	0.5	3.390804598	5.59347219518531
14463	3	0.5	4.054945055	2.0926895578159
14463	32	-0.5	3.488636364	2.13427395485996
14463	62	-0.5	2.825581395	1.03751428545002
14463	47	0.5	3.269230769	2.0598975817702
14463	55	-0.5	3.083333333	5.36000292661629
14463	5	0.5	3.776595745	1.41321961917129
14463	35	0.5	3.090909091	1.20951970431997
14463	23	-0.5	3.436170213	1.03079764122958
14463	46	-0.5	3.541666667	0.73135078442283
14463	64	0.5	2.827586207	3.05673955391103
14463	51	-0.5	4.214285714	2.96731793749132
14463	10	-0.5	3.510869565	1.25874209913673
14463	60	0.5	3.266666667	0.910091718211334
14463	8	-0.5	3.430232558	0.594528954272391
14463	26	0.5	3.081395349	0.627988357111462
14463	41	-0.5	3.896551724	0.569335910342488
14463	15	0.5	3.494505495	0.634907281972119
14463	21	0.5	3.731707317	0.652448423403257
14463	52	-0.5	3.4	0.96765562366636
14463	36	0.5	3.701149425	1.17913556312124
14463	11	0.5	3.112359551	0.572522740847489
14463	42	-0.5	3.582417582	1.82084026914163
14463	57	0.5	2.896551724	2.25338977327556
14463	9	-0.5	4.010869565	3.57763107189749
14463	19	-0.5	3.315217391	1.45703572454659
14463	17	0.5	3.95505618	1.39159214396568
14463	20	-0.5	3.80952381	1.03188585148018
14463	13	0.5	4.163043478	1.12849919021392
14463	45	-0.5	3.346153846	0.816755590691173
14463	31	0.5	3.29787234	3.316289120281
14463	34	0.5	3.174418605	1.42361042139237
14463	56	-0.5	3.333333333	1.66412541267346
14463	44	0.5	3.125	0.903706138869893
14463	30	-0.5	3.780487805	1.49696082443188
14463	37	-0.5	3.071428571	1.79344862336438
14463	6	0.5	3.56043956	0.64408969739452
14463	25	-0.5	3.387096774	2.36434649779403
14463	61	-0.5	3.592592593	5.44363786005124
14508	13	0.5	4.163043478	5.45558963316671
14508	52	-0.5	3.4	3.69669226460246
14508	12	-0.5	3.056818182	1.02832756618318
14508	43	0.5	3	1.02774058815703
14508	33	-0.5	3.739130435	2.10310187925643
14508	58	-0.5	3.258064516	2.17631224185243
14508	21	0.5	3.731707317	0.951752922308515
14508	8	0.5	3.430232558	2.08911869205622
14508	19	-0.5	3.315217391	0.946803171336796
14508	34	-0.5	3.174418605	1.05308261128084
14508	16	0.5	3.359550562	0.756604744292417
14508	42	-0.5	3.582417582	1.08804571079054
14508	57	0.5	2.896551724	1.11645836064599
14508	64	-0.5	2.827586207	0.593837028680355
14508	48	0.5	3.130434783	0.946214869050891
14508	38	-0.5	3.390804598	0.926747923229414
14508	49	-0.5	3.285714286	0.91230687330426
14508	29	0.5	3.370786517	0.717811224159959
14508	22	0.5	3.313953488	0.958190147774076
14508	15	-0.5	3.494505495	0.860482970685553
14508	31	0.5	3.29787234	0.832139513388029
14508	46	0.5	3.541666667	0.746940298409754
14508	55	-0.5	3.083333333	0.662805125943123
14508	40	0.5	3.563218391	0.636426207624027
14508	25	-0.5	3.387096774	1.10476051429032
14508	27	0.5	3.540229885	0.708288142977835
14508	60	-0.5	3.266666667	1.11568532415913
14508	5	0.5	3.776595745	0.732153285685854
14508	4	0.5	3.578313253	2.18251639764458
14508	9	-0.5	4.010869565	0.867825327522951
14508	61	-0.5	3.592592593	0.675401813441567
14508	14	0.5	3.321428571	1.0270602498349
14508	56	-0.5	3.333333333	0.793213898366957
14508	6	-0.5	3.56043956	0.951796953937446
14508	35	0.5	3.090909091	0.881435735673222
14508	26	-0.5	3.081395349	1.24871281975902
14508	1	-0.5	3.302083333	1.25029464773979
14508	10	0.5	3.510869565	1.33984604158832
14508	23	-0.5	3.436170213	1.06716975285417
14508	32	0.5	3.488636364	0.710656581106377
14508	18	-0.5	3.209302326	6.58394249270714
14508	51	-0.5	4.214285714	0.929332877787601
14508	30	0.5	3.780487805	0.588755844950356
14508	2	0.5	3.215053763	0.798186161751801
14508	24	-0.5	2.806451613	0.851496876734018
14508	7	0.5	3.88172043	0.636977430644038
14508	62	-0.5	2.825581395	0.608569084632109
14508	45	0.5	3.346153846	0.519060729217017
14508	63	0.5	3	1.66931452355129
14508	36	-0.5	3.701149425	0.718698478027363
14508	20	-0.5	3.80952381	0.743171124786386
14508	44	0.5	3.125	0.414847134103184
14508	17	-0.5	3.95505618	0.657132991409526
14508	39	0.5	3.75	0.774800732051517
14508	59	-0.5	3.259259259	0.686180292634162
14508	47	0.5	3.269230769	0.629656261959099
14508	3	0.5	4.054945055	0.66502127422973
14508	41	-0.5	3.896551724	0.608346940098272
14508	11	0.5	3.112359551	0.775962438703573
14508	53	0.5	3.15	0.73426481747083
