"Subject"	"Stimuli"	"Trustworthy"	"Face_trust"	"RT"
13712	10	0.5	3.510869565	6.41106690972128
13712	33	-0.5	3.739130435	4.00386417114623
13712	23	-0.5	3.436170213	5.02936366631593
13712	9	0.5	4.010869565	5.12914662298203
13712	58	-0.5	3.258064516	6.74622032110233
13712	14	-0.5	3.321428571	4.72180338839576
13712	5	0.5	3.776595745	3.20322270245674
13712	30	0.5	3.780487805	6.32102807690694
13712	34	-0.5	3.174418605	1.68023143267351
13712	41	-0.5	3.896551724	1.92535344301928
13712	39	0.5	3.75	1.08773108851142
13712	12	-0.5	3.056818182	4.59310975003382
13712	46	0.5	3.541666667	0.757552014489647
13712	35	0.5	3.090909091	1.41383117758642
13712	31	-0.5	3.29787234	4.15006495728676
13712	45	-0.5	3.346153846	2.44676174389178
13712	63	0.5	3	1.81307483482897
13712	38	0.5	3.390804598	2.55147763229206
13712	13	-0.5	4.163043478	4.10848096916061
13712	44	0.5	3.125	1.40087864860516
13712	28	-0.5	3.068181818	1.06669172237844
13712	61	0.5	3.592592593	2.88475717370193
13712	40	-0.5	3.563218391	1.91690174091173
13712	59	-0.5	3.259259259	1.5029152037564
13712	16	0.5	3.359550562	0.909212326985653
13712	27	-0.5	3.540229885	0.865600171001461
13712	42	0.5	3.582417582	1.24515173746113
13712	1	0.5	3.302083333	0.744569050604241
13712	37	-0.5	3.071428571	1.14643294075813
13712	32	0.5	3.488636364	1.93548826610549
13712	22	-0.5	3.313953488	0.960392157278875
13712	56	0.5	3.333333333	0.847462029802955
13712	7	-0.5	3.88172043	0.849405970832777
13712	50	-0.5	3.392857143	1.06091050616442
13712	17	0.5	3.95505618	0.710908400493281
13712	60	-0.5	3.266666667	2.47070127327606
13712	21	0.5	3.731707317	1.96564748666106
13712	20	0.5	3.80952381	1.15623085653351
13712	51	-0.5	4.214285714	1.01617650545722
13712	62	0.5	2.825581395	1.16266890044699
13712	19	-0.5	3.315217391	1.20522114319874
13712	4	0.5	3.578313253	0.953049559702777
13712	55	-0.5	3.083333333	0.767023285886808
13712	24	0.5	2.806451613	1.25053729992169
13712	54	-0.5	3.703703704	1.3922022236593
13712	57	0.5	2.896551724	0.988850208249005
13712	53	0.5	3.15	1.12907902918323
13712	3	-0.5	4.054945055	0.810259960087933
13712	43	-0.5	3	0.982862671696239
13712	52	0.5	3.4	2.80925808551046
13712	8	-0.5	3.430232558	0.847173959895827
13712	15	-0.5	3.494505495	0.963151824519173
13712	64	0.5	2.827586207	1.52826995618443
13712	2	0.5	3.215053763	2.24421037879756
13712	25	-0.5	3.387096774	1.70525317062675
13712	49	0.5	3.285714286	3.5059824050868
13712	18	0.5	3.209302326	1.42302711926914
13712	47	-0.5	3.269230769	0.873694439932024
13712	26	-0.5	3.081395349	4.68197860850933
13712	11	0.5	3.112359551	0.952848547777194
14072	17	0.5	3.95505618	4.4119946791252
14072	21	-0.5	3.731707317	1.4291822432715
14072	24	0.5	2.806451613	1.2206848672904
14072	33	-0.5	3.739130435	1.30507396651228
14072	50	0.5	3.392857143	2.01430001628978
14072	1	-0.5	3.302083333	1.69979235611027
14072	32	0.5	3.488636364	2.3921152264702
14072	42	0.5	3.582417582	1.04842982550326
14072	59	-0.5	3.259259259	1.1577126860102
14072	2	0.5	3.215053763	0.946342329028994
14072	26	-0.5	3.081395349	1.02666230985415
14072	31	-0.5	3.29787234	1.28417615829676
14072	53	0.5	3.15	0.99953220532916
14072	63	-0.5	3	0.677846396491077
14072	61	0.5	3.592592593	0.863501951294893
14072	16	-0.5	3.359550562	1.93981472285304
14072	57	0.5	2.896551724	0.672162343624223
14072	49	0.5	3.285714286	0.937504552144674
14072	52	-0.5	3.4	0.66577146724012
14072	11	0.5	3.112359551	0.853106845232105
14072	20	0.5	3.80952381	0.746529446896602
14072	7	-0.5	3.88172043	2.25181158700434
14072	29	-0.5	3.370786517	1.19102741349707
14072	55	0.5	3.083333333	0.705646576323488
14072	37	-0.5	3.071428571	1.38499633842366
14072	3	0.5	4.054945055	1.08031302846211
14072	45	-0.5	3.346153846	1.61269282873764
14072	23	0.5	3.436170213	1.72194953512007
14072	43	0.5	3	1.10020539264951
14072	28	-0.5	3.068181818	1.13964283396854
14072	27	-0.5	3.540229885	1.62089760958042
14072	6	0.5	3.56043956	0.778174614210002
14072	36	-0.5	3.701149425	0.644598213042627
14072	9	-0.5	4.010869565	0.87817871941661
14072	47	0.5	3.269230769	1.06449309332311
14072	54	0.5	3.703703704	0.828142567130271
14072	56	-0.5	3.333333333	0.872186776206945
14072	41	0.5	3.896551724	0.403565105232701
14072	46	-0.5	3.541666667	2.3608160219519
14072	13	0.5	4.163043478	0.590393622896954
14072	10	0.5	3.510869565	0.701767489164922
14072	5	-0.5	3.776595745	1.11215981428541
14072	58	0.5	3.258064516	0.435522797790327
14072	15	-0.5	3.494505495	1.18977996104149
14072	51	-0.5	4.214285714	0.459197578195017
14072	60	0.5	3.266666667	0.649583387959865
14072	35	0.5	3.090909091	0.490884128619655
14072	22	-0.5	3.313953488	0.502283023390191
14072	25	0.5	3.387096774	0.84961311758525
14072	38	-0.5	3.390804598	0.398117101620301
14072	48	0.5	3.130434783	0.398403803803376
14072	12	-0.5	3.056818182	0.401875350100454
14072	18	0.5	3.209302326	0.393198470745119
14072	14	-0.5	3.321428571	0.795537642738054
14072	39	-0.5	3.75	0.592857407707925
14072	34	0.5	3.174418605	0.577178837273095
14072	8	-0.5	3.430232558	0.537608638936945
14072	62	0.5	2.825581395	1.09496562884306
14072	64	-0.5	2.827586207	0.430281709723204
14072	30	-0.5	3.780487805	0.369600497389911
14149	1	-0.5	3.302083333	6.46523951219569
14149	50	0.5	3.392857143	6.89117136050481
14149	56	-0.5	3.333333333	2.86263224386494
14149	23	0.5	3.436170213	3.81594845452491
14149	7	0.5	3.88172043	7.55099259871349
14149	9	-0.5	4.010869565	5.99231366675667
14149	15	0.5	3.494505495	1.4236372376472
14149	14	0.5	3.321428571	6.09778100455878
14149	17	-0.5	3.95505618	5.76670685794306
14149	5	-0.5	3.776595745	1.75480110284116
14149	59	0.5	3.259259259	1.97226371568468
14149	13	-0.5	4.163043478	5.78861474509904
14149	16	0.5	3.359550562	1.78565370084107
14149	52	-0.5	3.4	2.51298337127446
14149	31	-0.5	3.29787234	1.61443158147085
14149	55	0.5	3.083333333	2.74986194594749
14149	40	-0.5	3.563218391	3.32114749734683
14149	39	0.5	3.75	1.26552462526888
14149	24	0.5	2.806451613	1.02189927947256
14149	38	-0.5	3.390804598	1.5512385799193
14149	22	0.5	3.313953488	2.11674075898554
14149	44	0.5	3.125	1.90403389309722
14149	47	-0.5	3.269230769	3.24637285320932
14149	33	0.5	3.739130435	2.55277968691735
14149	36	0.5	3.701149425	1.32701860187444
14149	12	-0.5	3.056818182	1.24738524960412
14149	35	0.5	3.090909091	4.44282873749034
14149	46	-0.5	3.541666667	2.40299269406023
14149	42	-0.5	3.582417582	1.48751190178155
14149	30	0.5	3.780487805	2.39275153316339
14149	18	-0.5	3.209302326	1.77399856185366
14149	58	-0.5	3.258064516	4.02736549165274
14149	53	0.5	3.15	1.56282220889261
14149	10	-0.5	3.510869565	3.44810193884769
14149	20	0.5	3.80952381	2.33636025950182
14149	57	-0.5	2.896551724	3.55684251508501
14149	37	-0.5	3.071428571	2.65424180183982
14149	41	0.5	3.896551724	0.862395532476512
14149	32	-0.5	3.488636364	1.34177614982036
14149	51	0.5	4.214285714	1.31732833292699
14149	28	-0.5	3.068181818	2.14858853800251
14149	21	0.5	3.731707317	1.30297402200085
14149	48	-0.5	3.130434783	1.03920999974798
14149	19	0.5	3.315217391	2.21262078901782
14149	61	0.5	3.592592593	1.7020949123289
14149	2	-0.5	3.215053763	2.15751139856366
14149	45	-0.5	3.346153846	0.934874903825403
14149	60	0.5	3.266666667	0.93440545383055
14149	11	0.5	3.112359551	1.75768335365865
14149	63	-0.5	3	2.02998454589397
14149	64	-0.5	2.827586207	0.681240804671688
14149	54	0.5	3.703703704	1.101826286289
14149	25	-0.5	3.387096774	0.82034135437425
14149	43	0.5	3	0.843089484187658
14149	3	-0.5	4.054945055	0.566367582658131
14149	62	-0.5	2.825581395	1.05599730645554
14149	8	0.5	3.430232558	0.76552296994123
14149	49	-0.5	3.285714286	2.95469642012904
14149	27	0.5	3.540229885	1.70098981777119
14149	34	0.5	3.174418605	2.31932068135575
14189	29	-0.5	3.370786517	2.12508450403038
14189	53	0.5	3.15	1.49864859764421
14189	21	-0.5	3.731707317	1.5091744394922
14189	13	-0.5	4.163043478	1.86070259679764
14189	24	0.5	2.806451613	1.40218786810146
14189	63	0.5	3	1.58372834759939
14189	22	-0.5	3.313953488	2.38398896100989
14189	30	0.5	3.780487805	0.965250221313909
14189	26	0.5	3.081395349	2.13471614260561
14189	46	-0.5	3.541666667	1.58407464031552
14189	33	0.5	3.739130435	1.22561168999528
14189	58	-0.5	3.258064516	1.36396456823059
14189	6	0.5	3.56043956	1.23141060318085
14189	34	-0.5	3.174418605	2.10497734530509
14189	39	-0.5	3.75	2.75322108505497
14189	43	0.5	3	0.930461046042183
14189	54	0.5	3.703703704	1.1214550518016
14189	42	-0.5	3.582417582	0.729572537067725
14189	4	0.5	3.578313253	1.74313290953069
14189	44	0.5	3.125	2.89839155972732
14189	62	-0.5	2.825581395	0.968697588465147
14189	32	0.5	3.488636364	0.882259814883582
14189	14	0.5	3.321428571	1.41081075533293
14189	57	-0.5	2.896551724	0.917898499817966
14189	20	0.5	3.80952381	1.24341265842304
14189	7	-0.5	3.88172043	1.26199891013675
14189	1	-0.5	3.302083333	1.45132534763252
14189	60	0.5	3.266666667	1.41459117264822
14189	10	0.5	3.510869565	1.18004009844299
14189	38	-0.5	3.390804598	1.75311547570891
14189	12	-0.5	3.056818182	1.06077569568151
14189	55	0.5	3.083333333	1.73020619314411
14189	15	-0.5	3.494505495	5.21268762212276
14189	31	0.5	3.29787234	2.73877710336455
14189	9	-0.5	4.010869565	1.10930832168378
14189	3	0.5	4.054945055	2.97461601567556
14189	28	-0.5	3.068181818	0.898067448284564
14189	49	-0.5	3.285714286	1.29566379281459
14189	61	0.5	3.592592593	1.09591944026397
14189	8	-0.5	3.430232558	2.07344749295225
14189	19	-0.5	3.315217391	1.25986553513576
14189	35	0.5	3.090909091	0.337267584949586
14189	37	-0.5	3.071428571	1.20998283103472
14189	48	-0.5	3.130434783	0.4383688355083
14189	17	0.5	3.95505618	1.6310572256989
14189	64	-0.5	2.827586207	1.00966275856626
14189	27	0.5	3.540229885	1.98701269894445
14189	18	-0.5	3.209302326	0.925430200826668
14189	59	0.5	3.259259259	1.9688541816322
14189	5	-0.5	3.776595745	0.851035203337233
14189	2	0.5	3.215053763	1.19740108311089
14189	16	-0.5	3.359550562	1.22062553839351
14189	51	0.5	4.214285714	2.91613856476033
14189	45	-0.5	3.346153846	0.490533231190057
14189	56	0.5	3.333333333	2.7627832002363
14189	40	-0.5	3.563218391	1.24223969944796
14189	23	0.5	3.436170213	1.78080035331004
14189	52	-0.5	3.4	1.41847223335208
14189	50	0.5	3.392857143	0.873388298750797
14189	41	0.5	3.896551724	0.840763618474739
14206	10	-0.5	3.510869565	5.64694049704849
14206	16	0.5	3.359550562	4.5879467223931
14206	62	0.5	2.825581395	2.04416637201939
14206	35	-0.5	3.090909091	1.27849011903891
14206	27	0.5	3.540229885	1.49074375710916
14206	26	-0.5	3.081395349	1.31009986241042
14206	30	0.5	3.780487805	1.03738252162657
14206	32	-0.5	3.488636364	2.04067628608755
14206	59	-0.5	3.259259259	2.20191415090449
14206	18	0.5	3.209302326	0.897430141998484
14206	53	-0.5	3.15	2.15860424372295
14206	17	0.5	3.95505618	2.75178973672155
14206	14	0.5	3.321428571	2.49810399144917
14206	38	-0.5	3.390804598	1.18734663419673
14206	5	0.5	3.776595745	0.688679170325486
14206	43	0.5	3	3.09096139916073
14206	56	-0.5	3.333333333	1.89438831791267
14206	4	0.5	3.578313253	2.31873436546084
14206	48	-0.5	3.130434783	2.37800855207024
14206	29	-0.5	3.370786517	1.6674509593613
14206	20	0.5	3.80952381	1.09171655814134
14206	46	-0.5	3.541666667	1.96910734315315
14206	51	-0.5	4.214285714	4.74236630607265
14206	19	0.5	3.315217391	1.99342174089907
14206	25	-0.5	3.387096774	1.71271547357173
14206	11	-0.5	3.112359551	1.1770574688926
14206	6	0.5	3.56043956	0.969373519314104
14206	9	-0.5	4.010869565	0.896835218416527
14206	42	-0.5	3.582417582	3.8379791667503
14206	12	0.5	3.056818182	0.994460622481711
14206	7	-0.5	3.88172043	1.49979738829279
14206	63	0.5	3	1.12508028323282
14206	45	0.5	3.346153846	1.00839646740496
14206	57	-0.5	2.896551724	2.35367760107692
14206	36	-0.5	3.701149425	1.9049433283144
14206	8	0.5	3.430232558	0.88226571532141
14206	23	-0.5	3.436170213	1.38962992243978
14206	55	0.5	3.083333333	2.64295679338466
14206	21	0.5	3.731707317	1.00823954265434
14206	54	-0.5	3.703703704	1.40556573028516
14206	22	-0.5	3.313953488	3.58475161526803
14206	58	0.5	3.258064516	0.964031787523709
14206	28	0.5	3.068181818	1.40122182803316
14206	3	-0.5	4.054945055	2.47946040397801
14206	31	0.5	3.29787234	0.989833328698296
14206	41	-0.5	3.896551724	1.39319516009709
14206	39	0.5	3.75	0.883476419574436
14206	49	0.5	3.285714286	0.736841495407134
14206	52	-0.5	3.4	1.43423627967786
14206	40	0.5	3.563218391	0.621637208510947
14206	24	0.5	2.806451613	0.986816334476316
14206	64	-0.5	2.827586207	2.9280377519899
14206	1	0.5	3.302083333	3.04148673290547
14206	50	0.5	3.392857143	0.866562977145804
14206	61	-0.5	3.592592593	0.335953711830371
14206	44	0.5	3.125	0.359378538254532
14206	13	-0.5	4.163043478	1.44976024281641
14206	60	0.5	3.266666667	1.05901396961417
14206	2	-0.5	3.215053763	0.758352104712685
14206	15	-0.5	3.494505495	2.603637211163
14218	34	-0.5	3.174418605	12.7065384651041
14218	63	0.5	3	1.36848414662745
14218	5	0.5	3.776595745	5.24070038761056
14218	21	-0.5	3.731707317	1.54687084099714
14218	31	-0.5	3.29787234	6.78520676325752
14218	6	0.5	3.56043956	4.59237670150833
14218	35	0.5	3.090909091	4.20548865837918
14218	61	-0.5	3.592592593	3.39366692754629
14218	45	0.5	3.346153846	2.56623151499298
14218	54	-0.5	3.703703704	3.16326696144642
14218	29	-0.5	3.370786517	1.24760673200581
14218	19	0.5	3.315217391	1.83191703778994
14218	49	-0.5	3.285714286	2.01023122895276
14218	47	0.5	3.269230769	5.93251110060555
14218	18	-0.5	3.209302326	1.52369067151903
14218	62	0.5	2.825581395	1.51332867193923
14218	33	-0.5	3.739130435	1.96670977131362
14218	51	0.5	4.214285714	1.0131022235646
14218	16	-0.5	3.359550562	0.822384355727991
14218	57	0.5	2.896551724	2.09189400891773
14218	64	0.5	2.827586207	1.59919994861866
14218	17	-0.5	3.95505618	2.31768422767254
14218	55	-0.5	3.083333333	1.73297234019174
14218	53	0.5	3.15	1.77543935619815
14218	10	0.5	3.510869565	2.57586815142622
14218	9	-0.5	4.010869565	1.23511432994474
14218	27	0.5	3.540229885	1.10254833878298
14218	13	-0.5	4.163043478	2.07011788558157
14218	50	-0.5	3.392857143	1.68231312380885
14218	2	0.5	3.215053763	0.751670553368058
14218	43	0.5	3	1.66217610267722
14218	20	-0.5	3.80952381	0.879471196692975
14218	22	0.5	3.313953488	2.12803801684186
14218	38	-0.5	3.390804598	4.7574797487614
14218	7	0.5	3.88172043	1.97083715713325
14218	11	-0.5	3.112359551	1.27515232294991
14218	25	0.5	3.387096774	1.30763376014238
14218	60	-0.5	3.266666667	0.797036704499988
14218	14	0.5	3.321428571	1.28753381827755
14218	8	-0.5	3.430232558	1.09476996950252
14218	30	-0.5	3.780487805	3.55430722025994
14218	1	0.5	3.302083333	1.38384489478085
14218	26	-0.5	3.081395349	1.12212453601296
14218	56	-0.5	3.333333333	2.04161088223464
14218	59	0.5	3.259259259	1.72919522101256
14218	4	0.5	3.578313253	3.18633423780284
14218	32	-0.5	3.488636364	2.03559311596928
14218	28	0.5	3.068181818	1.59912115517818
14218	36	-0.5	3.701149425	0.563334366255731
14218	58	0.5	3.258064516	2.407651107942
14218	48	0.5	3.130434783	1.27825473191024
14218	52	-0.5	3.4	2.03464362190243
14218	39	-0.5	3.75	3.16591117661847
14218	37	0.5	3.071428571	1.19012824129004
14218	44	0.5	3.125	1.17052257928663
14218	15	-0.5	3.494505495	0.782828062117915
14218	40	-0.5	3.563218391	1.25542251161733
14218	41	0.5	3.896551724	0.837977180360213
14218	23	0.5	3.436170213	3.15119269432489
14218	42	-0.5	3.582417582	1.57668786806153
14284	63	0.5	3	4.66344051882334
14284	16	-0.5	3.359550562	15.240529881044
14284	17	-0.5	3.95505618	5.70121968782269
14284	3	0.5	4.054945055	2.48041484151645
14284	7	0.5	3.88172043	7.1606640165769
14284	35	-0.5	3.090909091	4.54363659056844
14284	58	-0.5	3.258064516	4.1349579063517
14284	47	0.5	3.269230769	1.3021515781852
14284	62	0.5	2.825581395	4.1286364929033
14284	64	-0.5	2.827586207	10.2418577950139
14284	42	0.5	3.582417582	1.92177557095147
14284	29	-0.5	3.370786517	1.0810590337378
14284	48	0.5	3.130434783	14.2443778850511
14284	49	-0.5	3.285714286	1.48414995131679
14284	36	-0.5	3.701149425	2.37354408684314
14284	38	0.5	3.390804598	2.28484764413633
14284	13	-0.5	4.163043478	1.99932760077945
14284	32	0.5	3.488636364	0.958804539737685
14284	22	0.5	3.313953488	10.3579395251227
14284	46	-0.5	3.541666667	2.98128637817172
14284	34	-0.5	3.174418605	2.05934295571615
14284	55	0.5	3.083333333	1.11969467579684
14284	45	-0.5	3.346153846	2.69514392687097
14284	61	0.5	3.592592593	5.6124682878185
14284	31	0.5	3.29787234	2.44161995572267
14284	15	-0.5	3.494505495	2.12004097298268
14284	6	0.5	3.56043956	3.010546503971
14284	25	0.5	3.387096774	7.62470356993981
14284	12	-0.5	3.056818182	12.7456659053205
14284	24	-0.5	2.806451613	1.01867223832096
14284	60	0.5	3.266666667	4.99927661629908
14284	27	-0.5	3.540229885	1.77236886146011
14284	5	0.5	3.776595745	1.70690677487755
14284	59	-0.5	3.259259259	2.47235068582404
14284	52	0.5	3.4	3.51275125168559
14284	37	-0.5	3.071428571	5.27593165033795
14284	21	0.5	3.731707317	6.62229802944967
14284	57	-0.5	2.896551724	1.34552480411548
14284	8	-0.5	3.430232558	1.15181688493431
14284	33	0.5	3.739130435	2.25113531512898
14284	44	-0.5	3.125	3.67457003363961
14284	19	0.5	3.315217391	3.35788092607709
14284	26	0.5	3.081395349	1.42413260997182
14284	40	-0.5	3.563218391	1.91553295170024
14284	2	0.5	3.215053763	2.52489184834303
14284	14	-0.5	3.321428571	6.32907966060247
14284	50	0.5	3.392857143	1.11639028553645
14284	9	-0.5	4.010869565	4.95781166663937
14284	43	0.5	3	1.28302445235568
14284	39	0.5	3.75	1.33457505925298
14284	23	-0.5	3.436170213	3.01285669686149
14284	56	0.5	3.333333333	0.882317224775761
14284	51	-0.5	4.214285714	2.53662589342866
14284	30	0.5	3.780487805	1.9341912851628
14284	54	-0.5	3.703703704	0.968405844410427
14284	41	0.5	3.896551724	7.21379216275818
14284	1	-0.5	3.302083333	1.99687604182964
14284	11	0.5	3.112359551	0.971440083137622
14284	28	-0.5	3.068181818	0.811992079527499
14284	20	-0.5	3.80952381	1.48542025944471
14293	2	-0.5	3.215053763	8.43506768245425
14293	63	0.5	3	3.02808504073437
14293	11	0.5	3.112359551	7.65339921922168
14293	39	-0.5	3.75	2.71077801055253
14293	18	-0.5	3.209302326	8.63267270878168
14293	64	0.5	2.827586207	5.36594973938736
14293	14	-0.5	3.321428571	3.77225568898211
14293	35	-0.5	3.090909091	2.98646251575701
14293	37	0.5	3.071428571	5.13349109573755
14293	28	0.5	3.068181818	1.29584556058217
14293	49	-0.5	3.285714286	3.4230726192618
14293	15	-0.5	3.494505495	2.05054201582607
14293	24	0.5	2.806451613	3.58492618626406
14293	62	-0.5	2.825581395	3.39811016177009
14293	7	0.5	3.88172043	3.55024008665896
14293	10	-0.5	3.510869565	1.58838910194572
14293	4	-0.5	3.578313253	1.78417229031766
14293	23	0.5	3.436170213	2.81830617736341
14293	32	-0.5	3.488636364	0.838870136027253
14293	43	-0.5	3	4.43301840443564
14293	58	0.5	3.258064516	0.91253588719519
14293	26	0.5	3.081395349	1.01091348140289
14293	47	-0.5	3.269230769	4.03002208850194
14293	21	0.5	3.731707317	3.9031621783397
14293	33	-0.5	3.739130435	4.83925549299238
14293	59	0.5	3.259259259	0.468627506807024
14293	27	-0.5	3.540229885	1.96791605309591
14293	1	-0.5	3.302083333	2.6821977000418
14293	61	0.5	3.592592593	2.04452892428344
14293	56	0.5	3.333333333	1.67382148305478
14293	41	-0.5	3.896551724	13.8425287097543
14293	57	-0.5	2.896551724	3.22846106173165
14293	20	0.5	3.80952381	0.845759881558479
14293	46	0.5	3.541666667	0.829997987138995
14293	44	-0.5	3.125	2.65835125485864
14293	29	0.5	3.370786517	1.23264370769175
14293	13	-0.5	4.163043478	3.25485900702552
14293	51	0.5	4.214285714	0.397125250283352
14293	19	0.5	3.315217391	2.33246208670062
14293	16	-0.5	3.359550562	5.18062482122696
14293	40	-0.5	3.563218391	2.07707735213444
14293	5	0.5	3.776595745	1.76434660144332
14293	55	0.5	3.083333333	3.39766852414868
14293	22	-0.5	3.313953488	4.55774262922023
14293	50	0.5	3.392857143	1.31122143591165
14293	48	0.5	3.130434783	1.17151993527114
14293	53	-0.5	3.15	1.35079203436726
14293	60	-0.5	3.266666667	1.26813859343383
14293	17	0.5	3.95505618	0.649496321231709
14293	6	-0.5	3.56043956	1.10881103471729
14293	9	0.5	4.010869565	1.05821969054887
14293	36	0.5	3.701149425	1.17753335787711
14293	31	-0.5	3.29787234	15.8882289338198
14293	42	0.5	3.582417582	0.750178442785909
14293	30	0.5	3.780487805	0.917481963704631
14293	34	-0.5	3.174418605	2.04792827593155
14293	52	0.5	3.4	1.17842292330897
14293	38	-0.5	3.390804598	1.85268670611185
14293	3	-0.5	4.054945055	1.06807277817279
14293	45	0.5	3.346153846	0.775258758594646
14463	1	0.5	3.302083333	2.91597606533469
14463	18	-0.5	3.209302326	2.38923065819472
14463	24	0.5	2.806451613	1.73943075380885
14463	4	-0.5	3.578313253	2.0977505465853
14463	33	0.5	3.739130435	3.46906596004192
14463	53	0.5	3.15	3.61319041924435
14463	2	-0.5	3.215053763	5.02358771034415
14463	7	0.5	3.88172043	7.17470128016066
14463	14	-0.5	3.321428571	2.75812532527198
14463	22	0.5	3.313953488	0.87756989110494
14463	59	-0.5	3.259259259	5.60477110836655
14463	40	0.5	3.563218391	3.18316362947735
14463	50	-0.5	3.392857143	3.15422624178973
14463	58	0.5	3.258064516	7.38553961588696
14463	54	-0.5	3.703703704	3.27683810530289
14463	28	-0.5	3.068181818	5.26801886804969
14463	16	0.5	3.359550562	2.73921258205519
14463	27	-0.5	3.540229885	3.97451263939729
14463	12	0.5	3.056818182	2.60995326688135
14463	43	0.5	3	1.58612752089175
14463	29	-0.5	3.370786517	5.94233180911033
14463	38	0.5	3.390804598	5.59347219518531
14463	3	0.5	4.054945055	2.0926895578159
14463	32	-0.5	3.488636364	2.13427395485996
14463	62	-0.5	2.825581395	1.03751428545002
14463	47	0.5	3.269230769	2.0598975817702
14463	55	-0.5	3.083333333	5.36000292661629
14463	5	0.5	3.776595745	1.41321961917129
14463	35	0.5	3.090909091	1.20951970431997
14463	23	-0.5	3.436170213	1.03079764122958
14463	46	-0.5	3.541666667	0.73135078442283
14463	64	0.5	2.827586207	3.05673955391103
14463	51	-0.5	4.214285714	2.96731793749132
14463	10	-0.5	3.510869565	1.25874209913673
14463	60	0.5	3.266666667	0.910091718211334
14463	8	-0.5	3.430232558	0.594528954272391
14463	26	0.5	3.081395349	0.627988357111462
14463	41	-0.5	3.896551724	0.569335910342488
14463	15	0.5	3.494505495	0.634907281972119
14463	21	0.5	3.731707317	0.652448423403257
14463	52	-0.5	3.4	0.96765562366636
14463	36	0.5	3.701149425	1.17913556312124
14463	11	0.5	3.112359551	0.572522740847489
14463	42	-0.5	3.582417582	1.82084026914163
14463	57	0.5	2.896551724	2.25338977327556
14463	9	-0.5	4.010869565	3.57763107189749
14463	19	-0.5	3.315217391	1.45703572454659
14463	17	0.5	3.95505618	1.39159214396568
14463	20	-0.5	3.80952381	1.03188585148018
14463	13	0.5	4.163043478	1.12849919021392
14463	45	-0.5	3.346153846	0.816755590691173
14463	31	0.5	3.29787234	3.316289120281
14463	34	0.5	3.174418605	1.42361042139237
14463	56	-0.5	3.333333333	1.66412541267346
14463	44	0.5	3.125	0.903706138869893
14463	30	-0.5	3.780487805	1.49696082443188
14463	37	-0.5	3.071428571	1.79344862336438
14463	6	0.5	3.56043956	0.64408969739452
14463	25	-0.5	3.387096774	2.36434649779403
14463	61	-0.5	3.592592593	5.44363786005124
14508	13	0.5	4.163043478	5.45558963316671
14508	52	-0.5	3.4	3.69669226460246
14508	12	-0.5	3.056818182	1.02832756618318
14508	43	0.5	3	1.02774058815703
14508	33	-0.5	3.739130435	2.10310187925643
14508	58	-0.5	3.258064516	2.17631224185243
14508	21	0.5	3.731707317	0.951752922308515
14508	8	0.5	3.430232558	2.08911869205622
14508	19	-0.5	3.315217391	0.946803171336796
14508	34	-0.5	3.174418605	1.05308261128084
14508	16	0.5	3.359550562	0.756604744292417
14508	42	-0.5	3.582417582	1.08804571079054
14508	57	0.5	2.896551724	1.11645836064599
14508	64	-0.5	2.827586207	0.593837028680355
14508	48	0.5	3.130434783	0.946214869050891
14508	38	-0.5	3.390804598	0.926747923229414
14508	49	-0.5	3.285714286	0.91230687330426
14508	29	0.5	3.370786517	0.717811224159959
14508	22	0.5	3.313953488	0.958190147774076
14508	15	-0.5	3.494505495	0.860482970685553
14508	31	0.5	3.29787234	0.832139513388029
14508	46	0.5	3.541666667	0.746940298409754
14508	55	-0.5	3.083333333	0.662805125943123
14508	40	0.5	3.563218391	0.636426207624027
14508	25	-0.5	3.387096774	1.10476051429032
14508	27	0.5	3.540229885	0.708288142977835
14508	60	-0.5	3.266666667	1.11568532415913
14508	5	0.5	3.776595745	0.732153285685854
14508	4	0.5	3.578313253	2.18251639764458
14508	9	-0.5	4.010869565	0.867825327522951
14508	61	-0.5	3.592592593	0.675401813441567
14508	14	0.5	3.321428571	1.0270602498349
14508	56	-0.5	3.333333333	0.793213898366957
14508	6	-0.5	3.56043956	0.951796953937446
14508	35	0.5	3.090909091	0.881435735673222
14508	26	-0.5	3.081395349	1.24871281975902
14508	1	-0.5	3.302083333	1.25029464773979
14508	10	0.5	3.510869565	1.33984604158832
14508	23	-0.5	3.436170213	1.06716975285417
14508	32	0.5	3.488636364	0.710656581106377
14508	18	-0.5	3.209302326	6.58394249270714
14508	51	-0.5	4.214285714	0.929332877787601
14508	30	0.5	3.780487805	0.588755844950356
14508	2	0.5	3.215053763	0.798186161751801
14508	24	-0.5	2.806451613	0.851496876734018
14508	7	0.5	3.88172043	0.636977430644038
14508	62	-0.5	2.825581395	0.608569084632109
14508	45	0.5	3.346153846	0.519060729217017
14508	63	0.5	3	1.66931452355129
14508	36	-0.5	3.701149425	0.718698478027363
14508	20	-0.5	3.80952381	0.743171124786386
14508	44	0.5	3.125	0.414847134103184
14508	17	-0.5	3.95505618	0.657132991409526
14508	39	0.5	3.75	0.774800732051517
14508	59	-0.5	3.259259259	0.686180292634162
14508	47	0.5	3.269230769	0.629656261959099
14508	3	0.5	4.054945055	0.66502127422973
14508	41	-0.5	3.896551724	0.608346940098272
14508	11	0.5	3.112359551	0.775962438703573
14508	53	0.5	3.15	0.73426481747083
14536	7	0.5	3.88172043	3.34440200942481
14536	8	-0.5	3.430232558	6.00360296712824
14536	60	-0.5	3.266666667	8.77846999535905
14536	50	0.5	3.392857143	0.755650100014464
14536	21	0.5	3.731707317	3.38891221049562
14536	38	-0.5	3.390804598	4.1129920683743
14536	27	-0.5	3.540229885	3.4983479917355
14536	51	0.5	4.214285714	0.747997229660541
14536	2	0.5	3.215053763	4.50112462366451
14536	11	-0.5	3.112359551	1.9292592845195
14536	16	-0.5	3.359550562	7.2746488572011
14536	44	0.5	3.125	1.74915396650977
14536	24	-0.5	2.806451613	2.57830982670203
14536	6	0.5	3.56043956	1.24551921725651
14536	9	-0.5	4.010869565	7.68865239163642
14536	18	-0.5	3.209302326	1.46903030756584
14536	36	0.5	3.701149425	1.53860071258168
14536	63	-0.5	3	6.49568226616975
14536	61	0.5	3.592592593	0.514889924601448
14536	4	0.5	3.578313253	0.757242185736686
14536	14	-0.5	3.321428571	3.46044714798336
14536	31	-0.5	3.29787234	3.72691508810021
14536	28	0.5	3.068181818	0.692326537478948
14536	45	0.5	3.346153846	2.43067392005469
14536	34	-0.5	3.174418605	5.16187462879316
14536	26	-0.5	3.081395349	5.5088341059236
14536	20	0.5	3.80952381	3.69432450739259
14536	41	0.5	3.896551724	0.844484775370802
14536	10	-0.5	3.510869565	4.72064672647321
14536	39	0.5	3.75	1.23790077753802
14536	57	0.5	2.896551724	0.785249519460194
14536	23	-0.5	3.436170213	4.85754027556686
14536	25	0.5	3.387096774	1.45189742584625
14536	52	-0.5	3.4	13.2438019894289
14536	40	-0.5	3.563218391	2.77096577264092
14536	47	0.5	3.269230769	0.824096212432778
14536	46	-0.5	3.541666667	3.41253063167824
14536	3	0.5	4.054945055	1.10998071222275
14536	35	-0.5	3.090909091	8.25104367857057
14536	22	0.5	3.313953488	1.47304875973714
14536	55	-0.5	3.083333333	1.06342321273769
14536	32	0.5	3.488636364	0.812720529862418
14536	15	-0.5	3.494505495	1.83401091053747
14536	62	-0.5	2.825581395	1.62045192854566
14536	58	0.5	3.258064516	1.10388980078642
14536	29	-0.5	3.370786517	3.38412502822393
14536	59	-0.5	3.259259259	3.54858791365405
14536	19	0.5	3.315217391	0.777989290745609
14536	30	0.5	3.780487805	1.49737300889683
14536	54	-0.5	3.703703704	1.68965352850864
14536	37	-0.5	3.071428571	3.90294567309684
14536	48	0.5	3.130434783	0.900353774755786
14536	53	-0.5	3.15	3.36265289353105
14536	56	0.5	3.333333333	1.09387247290942
14536	33	0.5	3.739130435	1.96918524541252
14536	13	-0.5	4.163043478	1.9584422257285
14536	42	0.5	3.582417582	0.751984892896871
14536	12	-0.5	3.056818182	2.85433624029247
14536	1	0.5	3.302083333	0.848796881116868
14536	43	0.5	3	0.726059619290027
14603	38	0.5	3.390804598	3.278283298632
14603	51	-0.5	4.214285714	2.73135108095016
14603	44	-0.5	3.125	2.77765609227754
14603	17	0.5	3.95505618	4.52798161386545
14603	35	-0.5	3.090909091	3.88095262531124
14603	58	-0.5	3.258064516	3.90029488134064
14603	55	0.5	3.083333333	3.27739140424364
14603	11	0.5	3.112359551	2.10369315125104
14603	59	-0.5	3.259259259	5.00499911108523
14603	43	0.5	3	1.54304019450842
14603	47	-0.5	3.269230769	4.62022084152613
14603	60	-0.5	3.266666667	1.92273757944349
14603	45	0.5	3.346153846	0.957013603872383
14603	7	-0.5	3.88172043	0.99134491648374
14603	52	0.5	3.4	1.20083316310956
14603	41	0.5	3.896551724	0.882070638432651
14603	12	-0.5	3.056818182	3.22752576776929
14603	36	-0.5	3.701149425	5.56085987359211
14603	10	0.5	3.510869565	0.53093572434318
14603	42	-0.5	3.582417582	4.39629377160418
14603	48	0.5	3.130434783	0.879612135193383
14603	33	0.5	3.739130435	4.476920825668
14603	14	-0.5	3.321428571	1.96210673797395
14603	20	0.5	3.80952381	1.28145525116906
14603	28	0.5	3.068181818	0.742745412488148
14603	15	-0.5	3.494505495	3.0898843483792
14603	46	0.5	3.541666667	2.71440839824163
14603	27	-0.5	3.540229885	5.83051358086323
14603	40	-0.5	3.563218391	0.943654058864468
14603	54	0.5	3.703703704	0.670289422046608
14603	53	0.5	3.15	2.24366726843618
14603	25	-0.5	3.387096774	1.64877172502793
14603	62	0.5	2.825581395	1.69336280270727
14603	32	0.5	3.488636364	0.835656375008966
14603	57	-0.5	2.896551724	0.839035575462276
14603	56	-0.5	3.333333333	0.527358876915059
14603	63	0.5	3	1.1069505190635
14603	4	0.5	3.578313253	6.45822415020893
14603	5	-0.5	3.776595745	4.59341037702916
14603	49	-0.5	3.285714286	1.28651858924422
14603	19	0.5	3.315217391	0.5120870891501
14603	31	0.5	3.29787234	0.716426251358371
14603	29	-0.5	3.370786517	4.75587486595941
14603	18	0.5	3.209302326	1.59886172558026
14603	1	-0.5	3.302083333	1.10424338453731
14603	50	-0.5	3.392857143	1.67477637254569
14603	22	0.5	3.313953488	0.884410619701157
14603	37	-0.5	3.071428571	1.29859524978519
14603	8	0.5	3.430232558	0.562312926476352
14603	24	-0.5	2.806451613	1.48456185108807
14603	3	-0.5	4.054945055	0.750046763207592
14603	13	0.5	4.163043478	0.512414183305737
14603	9	0.5	4.010869565	0.927892623066782
14603	21	-0.5	3.731707317	5.80699094233887
14603	61	-0.5	3.592592593	0.802193119965068
14603	39	0.5	3.75	0.94571561281964
14603	2	0.5	3.215053763	0.424109024322661
14603	6	-0.5	3.56043956	1.00541956612324
14603	23	0.5	3.436170213	2.02884884376499
14603	64	-0.5	2.827586207	3.32295515664964
14674	18	-0.5	3.209302326	2.4594809069531
14674	56	0.5	3.333333333	2.08087033731499
14674	51	-0.5	4.214285714	1.78020649041719
14674	47	-0.5	3.269230769	2.40947521267299
14674	8	0.5	3.430232558	2.93289028318031
14674	7	-0.5	3.88172043	1.77017462894582
14674	22	0.5	3.313953488	2.08569358956811
14674	3	-0.5	4.054945055	2.20890849957141
14674	27	0.5	3.540229885	1.87136724916127
14674	40	-0.5	3.563218391	1.80184838918285
14674	54	-0.5	3.703703704	1.50723570603441
14674	58	0.5	3.258064516	1.83977360609424
14674	23	0.5	3.436170213	1.43504086637768
14674	64	-0.5	2.827586207	1.35139589270329
14674	10	0.5	3.510869565	0.71189965092708
14674	35	-0.5	3.090909091	1.20849930609256
14674	5	0.5	3.776595745	1.22377619367762
14674	34	-0.5	3.174418605	2.23610231955536
14674	38	-0.5	3.390804598	1.74141388927455
14674	36	0.5	3.701149425	0.998659858250903
14674	21	0.5	3.731707317	2.00518079995163
14674	9	-0.5	4.010869565	0.736731007596973
14674	24	0.5	2.806451613	1.22713912843392
14674	39	0.5	3.75	1.02648998071891
14674	53	-0.5	3.15	1.83970640036932
14674	45	-0.5	3.346153846	1.82701709872708
14674	41	0.5	3.896551724	0.738246281503962
14674	14	-0.5	3.321428571	2.1595748625441
14674	29	-0.5	3.370786517	1.6810783771034
14674	4	0.5	3.578313253	1.266625636963
14674	25	-0.5	3.387096774	1.88989119955659
14674	63	-0.5	3	2.25138748370955
14674	46	0.5	3.541666667	0.570950043962512
14674	26	0.5	3.081395349	1.14630289057459
14674	12	-0.5	3.056818182	1.32359953863124
14674	42	0.5	3.582417582	0.954871190129779
14674	31	-0.5	3.29787234	1.41913495969129
14674	43	-0.5	3	1.22349214189671
14674	33	0.5	3.739130435	1.7260588708923
14674	50	-0.5	3.392857143	1.60334353447615
14674	13	0.5	4.163043478	0.862701021262183
14674	28	0.5	3.068181818	1.49693667697647
14674	1	-0.5	3.302083333	2.93229437034461
14674	44	-0.5	3.125	1.65985924538836
14674	16	0.5	3.359550562	1.21908967031413
14674	30	0.5	3.780487805	1.00638123324825
14674	37	-0.5	3.071428571	1.86166214655896
14674	55	0.5	3.083333333	1.15125956109114
14674	59	0.5	3.259259259	0.83349533333967
14674	19	-0.5	3.315217391	1.53683204792833
14674	11	0.5	3.112359551	0.99340655557171
14674	52	-0.5	3.4	1.97782442819152
14674	57	0.5	2.896551724	0.83621335798307
14674	2	0.5	3.215053763	1.24163470808344
14674	15	-0.5	3.494505495	1.19093411323047
14674	32	0.5	3.488636364	2.25026187058393
14674	62	-0.5	2.825581395	1.19579742406495
14674	6	0.5	3.56043956	1.09128888000123
14674	17	0.5	3.95505618	1.19854822391426
14674	49	-0.5	3.285714286	1.19592984914198
14688	2	0.5	3.215053763	1.43808842448743
14688	37	-0.5	3.071428571	1.35537346311912
14688	22	-0.5	3.313953488	0.947742906461826
14688	15	0.5	3.494505495	0.945147697484572
14688	6	-0.5	3.56043956	0.732432597069419
14688	14	-0.5	3.321428571	0.833874512260536
14688	16	0.5	3.359550562	0.566086289788018
14688	42	-0.5	3.582417582	2.50621539142003
14688	60	-0.5	3.266666667	4.32650536356459
14688	29	0.5	3.370786517	0.671839648595324
14688	10	-0.5	3.510869565	1.29921643824355
14688	51	0.5	4.214285714	2.67966765169194
14688	17	0.5	3.95505618	0.825996518533429
14688	52	-0.5	3.4	1.03428926896504
14688	41	0.5	3.896551724	0.601749142379049
14688	8	-0.5	3.430232558	0.472970297619668
14688	27	0.5	3.540229885	0.666596591499456
14688	26	0.5	3.081395349	0.893953980810238
14688	58	-0.5	3.258064516	0.580327660445164
14688	24	0.5	2.806451613	0.73767234352772
14688	9	-0.5	4.010869565	0.667053790580667
14688	39	-0.5	3.75	0.779562174771399
14688	46	0.5	3.541666667	0.633171730066351
14688	31	0.5	3.29787234	0.763568483522704
14688	63	-0.5	3	2.22584144825851
14688	36	0.5	3.701149425	0.738438425116328
14688	25	-0.5	3.387096774	1.72578616060673
14688	18	-0.5	3.209302326	0.845127039104682
14688	1	0.5	3.302083333	0.789797342617021
14688	32	-0.5	3.488636364	1.29727640448846
14688	49	0.5	3.285714286	0.869666810789568
14688	61	-0.5	3.592592593	4.57690313669718
14688	53	0.5	3.15	0.76131625662174
14688	4	-0.5	3.578313253	1.64458515390834
14688	11	0.5	3.112359551	0.775118967769686
14688	50	0.5	3.392857143	0.910577355370151
14688	62	-0.5	2.825581395	1.67087128703679
14688	55	0.5	3.083333333	1.05440040045505
14688	7	-0.5	3.88172043	0.803970845198819
14688	54	0.5	3.703703704	0.946297150931059
14688	57	0.5	2.896551724	0.711692444396249
14688	34	-0.5	3.174418605	2.25302178465881
14688	56	-0.5	3.333333333	0.745299390908713
14688	19	0.5	3.315217391	0.708889327364432
14688	48	-0.5	3.130434783	2.20105536512028
14688	59	0.5	3.259259259	2.0536690805634
14688	40	-0.5	3.563218391	1.61993381372895
14688	12	-0.5	3.056818182	0.958378661482584
14688	3	0.5	4.054945055	2.6118843289637
14688	64	0.5	2.827586207	0.991229127256247
14688	45	-0.5	3.346153846	2.73443023592245
14688	28	0.5	3.068181818	1.61977986907095
14688	44	-0.5	3.125	0.565095084828499
14688	5	-0.5	3.776595745	0.659718741454526
14688	20	0.5	3.80952381	0.542255325657607
14688	43	0.5	3	0.689703519141858
14688	23	-0.5	3.436170213	0.419042656244073
14688	30	-0.5	3.780487805	0.989565531757762
14688	47	0.5	3.269230769	0.577092174115478
14688	21	0.5	3.731707317	0.632481462083433
14702	16	-0.5	3.359550562	14.3485741111581
14702	55	0.5	3.083333333	3.55162078795911
14702	40	0.5	3.563218391	11.4569045173121
14702	53	-0.5	3.15	1.62291506444308
14702	45	-0.5	3.346153846	7.43506601640911
14702	17	0.5	3.95505618	1.23145354617373
14702	13	0.5	4.163043478	30.7628987825701
14702	5	-0.5	3.776595745	6.17339234712563
14702	49	0.5	3.285714286	11.8012780508907
14702	20	0.5	3.80952381	1.3554195826764
14702	1	-0.5	3.302083333	14.267381594731
14702	37	-0.5	3.071428571	1.16943377949065
14702	41	0.5	3.896551724	0.870048272870918
14702	6	-0.5	3.56043956	23.8658566341037
14702	14	0.5	3.321428571	1.00318552628232
14702	44	-0.5	3.125	0.669862345668662
14702	10	-0.5	3.510869565	2.503323415669
14702	28	0.5	3.068181818	1.0098691060557
14702	23	-0.5	3.436170213	0.826245134558121
14702	12	-0.5	3.056818182	0.897738713349099
14702	25	0.5	3.387096774	3.35533582273638
14702	60	-0.5	3.266666667	32.706762406815
14702	26	0.5	3.081395349	1.02802018316652
14702	34	-0.5	3.174418605	2.31161280262313
14702	33	0.5	3.739130435	0.958842417756387
14702	52	-0.5	3.4	2.92702754510174
14702	50	-0.5	3.392857143	1.03135005464355
14702	59	0.5	3.259259259	1.12285497579069
14702	36	-0.5	3.701149425	1.33620876022906
14702	64	0.5	2.827586207	0.806532745667937
14702	24	0.5	2.806451613	7.13291179680891
14702	46	-0.5	3.541666667	0.976033069619007
14702	42	0.5	3.582417582	3.24662005464779
14702	22	-0.5	3.313953488	1.51107799705642
14702	58	0.5	3.258064516	1.07751667997945
14702	19	-0.5	3.315217391	4.78367654493195
14702	56	0.5	3.333333333	0.829087675469054
14702	27	0.5	3.540229885	0.827326068178081
14702	2	-0.5	3.215053763	0.672948551862646
14702	7	0.5	3.88172043	1.5935547222216
14702	31	-0.5	3.29787234	0.738917616301478
14702	8	0.5	3.430232558	0.930358078712743
14702	47	0.5	3.269230769	0.797969367700716
14702	51	-0.5	4.214285714	13.285207895151
14702	43	0.5	3	0.749131031996512
14702	57	0.5	2.896551724	0.739757202114561
14702	29	-0.5	3.370786517	0.650314828122646
14702	4	0.5	3.578313253	1.20499136411672
14702	3	-0.5	4.054945055	0.914294709848036
14702	48	-0.5	3.130434783	2.389693951769
14702	35	0.5	3.090909091	0.859016459657141
14702	62	-0.5	2.825581395	0.776775454167364
14702	18	0.5	3.209302326	1.36830702620136
14702	32	-0.5	3.488636364	0.833753402130242
14702	61	0.5	3.592592593	3.5040156766845
14702	30	-0.5	3.780487805	2.23016701997039
14702	9	0.5	4.010869565	1.089479453487
14702	21	-0.5	3.731707317	0.812925317582994
14702	11	-0.5	3.112359551	0.911455810673942
14702	54	0.5	3.703703704	1.04098443422481
14832	60	0.5	3.266666667	3.63899348665291
14832	61	-0.5	3.592592593	2.16613277114448
14832	26	0.5	3.081395349	1.67544691955118
14832	9	0.5	4.010869565	3.66298965160604
14832	43	-0.5	3	1.79837354986012
14832	21	0.5	3.731707317	4.60560901500139
14832	11	-0.5	3.112359551	3.5767184031065
14832	41	-0.5	3.896551724	3.34200047275954
14832	5	0.5	3.776595745	5.67825765104863
14832	8	0.5	3.430232558	3.68837529125085
14832	4	-0.5	3.578313253	1.6056129877652
14832	3	0.5	4.054945055	0.84995659753622
14832	42	-0.5	3.582417582	0.82847188242522
14832	36	0.5	3.701149425	3.27072376501746
14832	44	-0.5	3.125	1.1829676954585
14832	18	0.5	3.209302326	2.70021082141466
14832	17	0.5	3.95505618	2.51242813433055
14832	49	-0.5	3.285714286	1.75305058720915
14832	22	0.5	3.313953488	2.67527609063836
14832	37	-0.5	3.071428571	1.0774368115126
14832	25	0.5	3.387096774	1.39919538258619
14832	32	-0.5	3.488636364	1.04656544501995
14832	12	-0.5	3.056818182	1.51591754657784
14832	34	0.5	3.174418605	1.35019330814248
14832	56	-0.5	3.333333333	2.12143022201781
14832	53	0.5	3.15	1.18774924964237
14832	33	0.5	3.739130435	2.9211329929567
14832	46	-0.5	3.541666667	1.11832881651935
14832	2	-0.5	3.215053763	1.17591537479893
14832	57	0.5	2.896551724	7.82116993967429
14832	16	-0.5	3.359550562	1.90105397465231
14832	28	0.5	3.068181818	5.6766284861842
14832	19	-0.5	3.315217391	2.38585582967062
14832	35	-0.5	3.090909091	1.23731446357851
14832	29	0.5	3.370786517	1.21889241949975
14832	51	-0.5	4.214285714	1.09441740389229
14832	45	0.5	3.346153846	0.905705420773302
14832	39	-0.5	3.75	0.881308999705652
14832	58	0.5	3.258064516	1.57962083927487
14832	14	-0.5	3.321428571	1.68388904595849
14832	6	0.5	3.56043956	2.00938731350107
14832	23	-0.5	3.436170213	2.01664092094143
14832	50	-0.5	3.392857143	5.64979543569279
14832	64	0.5	2.827586207	0.905006545133801
14832	24	-0.5	2.806451613	1.49558427129159
14832	63	0.5	3	2.26984909450766
14832	10	0.5	3.510869565	4.00620612163402
14832	48	-0.5	3.130434783	4.0376042106036
14832	30	0.5	3.780487805	1.29907540507338
14832	13	-0.5	4.163043478	0.743363329918793
14832	20	0.5	3.80952381	3.53552612325075
14832	31	-0.5	3.29787234	2.96786893581884
14832	62	0.5	2.825581395	5.39220629511328
14832	7	-0.5	3.88172043	1.05360882695459
14832	47	0.5	3.269230769	1.94497422006316
14832	27	-0.5	3.540229885	1.25845785193815
14832	1	-0.5	3.302083333	1.91080347193201
14832	38	0.5	3.390804598	1.93429211611146
14832	59	0.5	3.259259259	2.4555334993529
14832	15	-0.5	3.494505495	4.30802273481095
14898	9	-0.5	4.010869565	1.66769473006207
14898	51	0.5	4.214285714	1.40281059907284
14898	3	-0.5	4.054945055	1.61817685824462
14898	12	0.5	3.056818182	1.68654119790881
14898	11	-0.5	3.112359551	2.21176362310871
14898	56	-0.5	3.333333333	1.26710192725477
14898	47	0.5	3.269230769	2.05156616342902
14898	6	-0.5	3.56043956	2.01683062048687
14898	43	0.5	3	1.12312394432047
14898	24	0.5	2.806451613	1.59757674555112
14898	36	-0.5	3.701149425	0.745060693923733
14898	19	-0.5	3.315217391	0.987538428227708
14898	39	0.5	3.75	0.56801970226843
14898	55	-0.5	3.083333333	1.31939212717225
14898	31	0.5	3.29787234	0.794986436316321
14898	10	-0.5	3.510869565	0.379381877435662
14898	22	0.5	3.313953488	1.08873767366822
14898	42	-0.5	3.582417582	0.523991861127797
14898	8	0.5	3.430232558	2.11551278800107
14898	54	0.5	3.703703704	1.1898475318867
14898	21	-0.5	3.731707317	0.633278332603368
14898	4	0.5	3.578313253	0.868801079002878
14898	34	-0.5	3.174418605	0.850085381349345
14898	60	-0.5	3.266666667	0.549531776494405
14898	16	0.5	3.359550562	0.542061653344717
14898	27	0.5	3.540229885	0.922426459148483
14898	23	-0.5	3.436170213	0.714836226057741
14898	15	0.5	3.494505495	0.990193228686621
14898	13	-0.5	4.163043478	0.564546181080004
14898	61	0.5	3.592592593	0.913813172763184
14898	46	-0.5	3.541666667	1.16113701869108
14898	41	-0.5	3.896551724	0.670543864956926
14898	2	0.5	3.215053763	1.53301434234527
14898	57	0.5	2.896551724	0.480373545884504
14898	62	-0.5	2.825581395	0.950972102578817
14898	64	-0.5	2.827586207	0.597393336214736
14898	53	0.5	3.15	0.411024953602464
14898	40	0.5	3.563218391	0.961246335951728
14898	33	-0.5	3.739130435	0.831631555145577
14898	49	0.5	3.285714286	0.417963057254383
14898	29	-0.5	3.370786517	0.467651426917655
14898	18	0.5	3.209302326	0.592049635730291
14898	17	-0.5	3.95505618	0.482311924321039
14898	37	0.5	3.071428571	0.580733213575513
14898	48	-0.5	3.130434783	1.069218153154
14898	35	-0.5	3.090909091	1.19262019105008
14898	1	0.5	3.302083333	1.13410963375645
14898	38	-0.5	3.390804598	1.31041831232869
14898	20	-0.5	3.80952381	0.698060893222646
14898	30	0.5	3.780487805	0.529412368410703
14898	50	-0.5	3.392857143	0.571690868531732
14898	14	0.5	3.321428571	0.638120802525009
14898	28	0.5	3.068181818	0.783452505258538
14898	59	-0.5	3.259259259	1.24780984755853
14898	45	0.5	3.346153846	0.747278490189274
14898	52	0.5	3.4	0.778649431926169
14898	5	-0.5	3.776595745	0.713037887602695
14898	26	0.5	3.081395349	0.52137711938849
14898	32	0.5	3.488636364	0.61776435277352
14898	7	-0.5	3.88172043	0.575023356550446
14936	42	0.5	3.582417582	6.08626127110256
14936	38	-0.5	3.390804598	2.92562991714112
14936	17	0.5	3.95505618	0.937881635036319
14936	7	0.5	3.88172043	2.11130930861691
14936	31	-0.5	3.29787234	3.21564142495663
14936	1	-0.5	3.302083333	1.21500743571778
14936	34	0.5	3.174418605	1.97415707571781
14936	30	0.5	3.780487805	1.86780811214885
14936	47	-0.5	3.269230769	0.687416488884992
14936	51	0.5	4.214285714	1.06265071728558
14936	15	0.5	3.494505495	0.677893407702868
14936	33	-0.5	3.739130435	1.49626724351401
14936	60	0.5	3.266666667	1.14076282644601
14936	61	-0.5	3.592592593	1.74723527721471
14936	2	-0.5	3.215053763	2.79861753928708
14936	35	0.5	3.090909091	1.36209624982985
14936	13	-0.5	4.163043478	2.09756812984233
14936	23	0.5	3.436170213	1.78064766884017
14936	36	-0.5	3.701149425	0.825131201010663
14936	52	-0.5	3.4	1.79429217667166
14936	16	0.5	3.359550562	1.22781302515068
14936	10	-0.5	3.510869565	0.791512555966619
14936	26	-0.5	3.081395349	1.32686995374206
14936	50	0.5	3.392857143	1.75415089142552
14936	56	0.5	3.333333333	1.84228003056342
14936	6	-0.5	3.56043956	0.859921815719645
14936	20	0.5	3.80952381	0.809294381564541
14936	57	0.5	2.896551724	1.3858905446541
14936	39	-0.5	3.75	0.654122287418431
14936	25	-0.5	3.387096774	1.44045632658344
14936	3	0.5	4.054945055	0.630713683176509
14936	53	-0.5	3.15	1.45702281301783
14936	43	-0.5	3	0.709491894869643
14936	5	0.5	3.776595745	0.874094040964337
14936	29	0.5	3.370786517	0.949603318063964
14936	64	-0.5	2.827586207	0.969836679074433
14936	59	-0.5	3.259259259	2.43718507453559
14936	8	0.5	3.430232558	2.68860997776574
14936	44	-0.5	3.125	1.3230891928506
14936	46	-0.5	3.541666667	1.63543036447481
14936	28	0.5	3.068181818	1.91596547125664
14936	21	-0.5	3.731707317	3.60647708567558
14936	55	0.5	3.083333333	1.18859474878082
14936	45	-0.5	3.346153846	0.753213977824998
14936	58	0.5	3.258064516	1.29743762406542
14936	12	-0.5	3.056818182	0.798357984424001
14936	37	-0.5	3.071428571	0.897467552331364
14936	19	0.5	3.315217391	0.710905872958392
14936	22	-0.5	3.313953488	0.639271379177444
14936	49	0.5	3.285714286	1.10169717098506
14936	11	0.5	3.112359551	0.795075145106239
14936	40	-0.5	3.563218391	0.791452964289419
14936	24	0.5	2.806451613	1.34410154951547
14936	63	0.5	3	1.95877911218849
14936	62	-0.5	2.825581395	0.80302335066699
14936	48	0.5	3.130434783	0.926482409198798
14936	4	-0.5	3.578313253	0.996080191858709
14936	14	0.5	3.321428571	1.27651200639957
14936	32	-0.5	3.488636364	1.43093523179232
14936	54	0.5	3.703703704	0.853240926504441
15534	38	-0.5	3.390804598	4.89621118621108
15534	56	0.5	3.333333333	2.71147522856518
15534	16	0.5	3.359550562	3.64064304291605
15534	31	-0.5	3.29787234	1.19783710126831
15534	20	-0.5	3.80952381	1.17414857298718
15534	51	0.5	4.214285714	0.942843682794773
15534	53	-0.5	3.15	0.688999382899055
15534	8	0.5	3.430232558	0.852581097115035
15534	5	0.5	3.776595745	1.85997869280618
15534	47	-0.5	3.269230769	1.91629642823136
15534	35	-0.5	3.090909091	1.79773592851234
15534	30	0.5	3.780487805	0.649307284438692
15534	50	-0.5	3.392857143	1.04062834373326
15534	10	-0.5	3.510869565	1.2971592173144
15534	15	0.5	3.494505495	0.962599517442868
15534	55	-0.5	3.083333333	1.87606138696719
15534	3	0.5	4.054945055	0.663635346370938
15534	41	-0.5	3.896551724	1.26795319833036
15534	46	0.5	3.541666667	0.50553437490089
15534	6	-0.5	3.56043956	0.747840478106809
15534	62	-0.5	2.825581395	0.793480448761329
15534	61	0.5	3.592592593	0.654000429056396
15534	26	-0.5	3.081395349	0.841370321420982
15534	39	0.5	3.75	0.642858845463707
15534	27	-0.5	3.540229885	0.85625357547724
15534	37	0.5	3.071428571	0.64975024630985
15534	64	0.5	2.827586207	0.523172732619059
15534	45	-0.5	3.346153846	0.401604197346387
15534	24	0.5	2.806451613	1.10617378936877
15534	29	-0.5	3.370786517	0.822355073998551
15534	32	0.5	3.488636364	0.40514491275826
15534	11	0.5	3.112359551	0.687027904610659
15534	57	-0.5	2.896551724	1.08868275454734
15534	48	0.5	3.130434783	0.608308481561835
15534	21	0.5	3.731707317	0.815708328476831
15534	59	-0.5	3.259259259	0.598971851724855
15534	7	0.5	3.88172043	0.406637012278225
15534	44	0.5	3.125	0.630014275422582
15534	25	-0.5	3.387096774	0.722300647292286
15534	1	0.5	3.302083333	0.73596360429292
15534	12	-0.5	3.056818182	0.808379593825521
15534	13	-0.5	4.163043478	0.486850190161931
15534	17	0.5	3.95505618	0.701481108239022
15534	34	-0.5	3.174418605	0.885867794751903
15534	52	0.5	3.4	0.750435016367192
15534	28	-0.5	3.068181818	0.711764908415716
15534	18	0.5	3.209302326	0.800306630259001
15534	42	-0.5	3.582417582	1.20957559087947
15534	40	0.5	3.563218391	0.812169599439585
15534	2	0.5	3.215053763	0.433589487567588
15534	60	-0.5	3.266666667	0.690224976957325
15534	33	0.5	3.739130435	0.604777035901861
15534	43	-0.5	3	1.02011338234661
15534	22	0.5	3.313953488	0.76865736866057
15534	63	-0.5	3	0.83601140974497
15534	36	0.5	3.701149425	0.486573752819822
15534	14	-0.5	3.321428571	0.75991168571818
15534	58	-0.5	3.258064516	0.708462227070413
15534	49	0.5	3.285714286	1.55003052397842
15534	19	-0.5	3.315217391	0.763378574152739
15694	5	-0.5	3.776595745	7.12291247041867
15694	26	0.5	3.081395349	4.25234261506921
15694	40	-0.5	3.563218391	3.71433769147006
15694	19	0.5	3.315217391	4.55874646919438
15694	45	0.5	3.346153846	2.96389207814718
15694	37	-0.5	3.071428571	4.48525900529603
15694	47	0.5	3.269230769	9.95034755190682
15694	35	-0.5	3.090909091	6.09832891692713
15694	9	-0.5	4.010869565	1.66041483753361
15694	14	0.5	3.321428571	3.27771675148506
15694	48	0.5	3.130434783	3.13292883826762
15694	41	-0.5	3.896551724	1.13816793994192
15694	28	-0.5	3.068181818	1.79448386323566
15694	1	0.5	3.302083333	1.70595512879117
15694	6	-0.5	3.56043956	1.08147142446614
15694	38	-0.5	3.390804598	3.10484857754636
15694	7	0.5	3.88172043	5.59983890383228
15694	34	0.5	3.174418605	2.42501910244209
15694	23	-0.5	3.436170213	2.54160591626169
15694	54	0.5	3.703703704	2.0040535583521
15694	4	-0.5	3.578313253	1.52422136851601
15694	59	-0.5	3.259259259	1.56059083162108
15694	55	0.5	3.083333333	5.83801558388586
15694	31	0.5	3.29787234	1.89436514337103
15694	61	-0.5	3.592592593	2.7378287308693
15694	24	-0.5	2.806451613	1.82503221261322
15694	56	0.5	3.333333333	1.05946123826288
15694	32	-0.5	3.488636364	5.61351386963179
15694	13	0.5	4.163043478	1.92470624613452
15694	20	0.5	3.80952381	1.34590585309525
15694	42	-0.5	3.582417582	5.76332767874555
15694	11	0.5	3.112359551	2.77227735555971
15694	21	0.5	3.731707317	2.73273298028471
15694	53	-0.5	3.15	3.6819151838281
15694	30	0.5	3.780487805	1.30739903514404
15694	22	-0.5	3.313953488	1.75370130532247
15694	58	-0.5	3.258064516	2.36806501849424
15694	17	0.5	3.95505618	1.58048021622562
15694	52	0.5	3.4	1.51780764865907
15694	33	-0.5	3.739130435	2.21339051485847
15694	57	-0.5	2.896551724	8.03641051514933
15694	3	0.5	4.054945055	0.905747815964787
15694	51	-0.5	4.214285714	3.18506526613055
15694	64	0.5	2.827586207	1.1492486813695
15694	10	0.5	3.510869565	0.9918452099555
15694	12	-0.5	3.056818182	1.06211902709401
15694	62	0.5	2.825581395	1.19140548958603
15694	39	-0.5	3.75	0.97697642420826
15694	29	-0.5	3.370786517	6.56817883859731
15694	25	0.5	3.387096774	1.01349850822044
15694	27	-0.5	3.540229885	2.21302303284574
15694	18	0.5	3.209302326	1.60733752328997
15694	43	-0.5	3	5.29268287030573
15694	50	0.5	3.392857143	1.41110345247762
15694	46	0.5	3.541666667	1.90141748737733
15694	2	-0.5	3.215053763	4.26887632608123
15694	49	0.5	3.285714286	2.46219106681019
15694	60	0.5	3.266666667	1.0474740412028
15694	44	-0.5	3.125	3.85379082526561
15694	15	-0.5	3.494505495	2.83523794956818
15768	40	0.5	3.563218391	6.28829415494147
15768	14	-0.5	3.321428571	5.48129153789705
15768	35	0.5	3.090909091	3.69740364862992
15768	3	0.5	4.054945055	3.34190297574787
15768	62	-0.5	2.825581395	19.3474009173733
15768	21	-0.5	3.731707317	3.83911957452074
15768	9	0.5	4.010869565	1.76169318195025
15768	37	0.5	3.071428571	4.43485715515453
15768	24	-0.5	2.806451613	3.96410198686681
15768	29	-0.5	3.370786517	2.2395741222299
15768	11	0.5	3.112359551	3.52277952780605
15768	44	0.5	3.125	3.85220975406992
15768	51	-0.5	4.214285714	2.09365900976081
15768	38	-0.5	3.390804598	3.36090823466293
15768	39	0.5	3.75	2.7622771747865
15768	16	-0.5	3.359550562	2.30951487873972
15768	45	0.5	3.346153846	6.16383515113739
15768	64	-0.5	2.827586207	8.45503900734366
15768	28	-0.5	3.068181818	3.32709259961302
15768	27	0.5	3.540229885	6.41820971765446
15768	48	-0.5	3.130434783	7.34027349006828
15768	17	0.5	3.95505618	2.79365056768802
15768	32	-0.5	3.488636364	5.63272511781543
15768	59	0.5	3.259259259	1.33698108147837
15768	2	0.5	3.215053763	1.42420226545619
15768	54	-0.5	3.703703704	3.34470276453067
15768	8	0.5	3.430232558	3.67401480176886
15768	47	-0.5	3.269230769	2.04449899605606
15768	60	-0.5	3.266666667	4.72667446868763
15768	55	0.5	3.083333333	1.46102989983592
15768	42	-0.5	3.582417582	6.31894384696898
15768	49	0.5	3.285714286	1.40020393400664
15768	56	-0.5	3.333333333	5.52040647755166
15768	18	0.5	3.209302326	2.92451296685795
15768	23	0.5	3.436170213	6.02958069380657
15768	22	-0.5	3.313953488	3.51868065292001
15768	43	-0.5	3	1.85714654611547
15768	26	0.5	3.081395349	3.01450844786632
15768	19	-0.5	3.315217391	2.17410600926632
15768	50	0.5	3.392857143	2.061452334563
15768	5	0.5	3.776595745	5.85061602305541
15768	30	-0.5	3.780487805	2.29012856781083
15768	63	0.5	3	4.40348607968372
15768	61	-0.5	3.592592593	2.58676249799282
15768	34	-0.5	3.174418605	3.59791729085555
15768	4	0.5	3.578313253	2.85322809985519
15768	31	-0.5	3.29787234	2.82572912200703
15768	53	0.5	3.15	5.91186011981154
15768	6	0.5	3.56043956	2.54027845599558
15768	15	-0.5	3.494505495	3.29967142126407
15768	7	0.5	3.88172043	2.15503718650689
15768	41	0.5	3.896551724	4.27425151088391
15768	36	-0.5	3.701149425	3.17168760356071
15768	1	0.5	3.302083333	3.61598928684361
15768	33	-0.5	3.739130435	2.72546841092117
15768	46	-0.5	3.541666667	4.69163059473613
15768	58	0.5	3.258064516	2.07993219856507
15768	10	-0.5	3.510869565	1.14335633660266
15768	25	0.5	3.387096774	3.59576207919963
15768	12	-0.5	3.056818182	1.50209446183362
15959	39	0.5	3.75	5.66541259291262
15959	20	-0.5	3.80952381	2.01847871716382
15959	52	-0.5	3.4	1.53487503625183
15959	18	0.5	3.209302326	1.10216364139524
15959	63	-0.5	3	1.35848333882859
15959	40	0.5	3.563218391	1.08974208721702
15959	12	0.5	3.056818182	1.38715057757508
15959	62	-0.5	2.825581395	0.633447947993773
15959	26	0.5	3.081395349	1.14777577373206
15959	32	0.5	3.488636364	0.619121777579494
15959	16	-0.5	3.359550562	0.513486258822013
15959	51	0.5	4.214285714	0.63492648373358
15959	43	0.5	3	0.725461802398058
15959	49	-0.5	3.285714286	0.448946154283476
15959	14	-0.5	3.321428571	0.593387773640643
15959	9	0.5	4.010869565	0.881646955063843
15959	11	0.5	3.112359551	0.693228663862101
15959	54	-0.5	3.703703704	0.636800973066784
15959	4	-0.5	3.578313253	0.531282982337871
15959	22	0.5	3.313953488	2.05556559785691
15959	38	-0.5	3.390804598	1.19087942749684
15959	45	0.5	3.346153846	1.5380982838924
15959	60	-0.5	3.266666667	0.68474446426444
15959	30	-0.5	3.780487805	0.553100819850442
15959	6	0.5	3.56043956	0.683447021012398
15959	53	-0.5	3.15	0.658783018756367
15959	15	-0.5	3.494505495	0.540085335282129
15959	48	0.5	3.130434783	2.22850826139256
15959	19	-0.5	3.315217391	0.748735663235493
15959	29	0.5	3.370786517	1.114207781613
15959	34	-0.5	3.174418605	0.638696981613975
15959	8	0.5	3.430232558	1.15201936332232
15959	10	0.5	3.510869565	0.999564318623015
15959	37	-0.5	3.071428571	0.900109118983892
15959	31	0.5	3.29787234	1.11849738922319
15959	36	-0.5	3.701149425	0.646203215568676
15959	1	0.5	3.302083333	0.633369154553293
15959	46	-0.5	3.541666667	0.870720489871019
15959	3	-0.5	4.054945055	0.736132023375831
15959	41	0.5	3.896551724	0.660395966835495
15959	13	0.5	4.163043478	0.687852501327143
15959	25	-0.5	3.387096774	0.394238014458097
15959	56	0.5	3.333333333	0.536639280981035
15959	23	0.5	3.436170213	0.774942427819042
15959	21	-0.5	3.731707317	1.01120290436484
15959	42	-0.5	3.582417582	0.543586015288383
15959	50	0.5	3.392857143	0.688033593814907
15959	55	-0.5	3.083333333	1.08332936055558
15959	17	-0.5	3.95505618	0.451654596041408
15959	33	0.5	3.739130435	0.751057421217411
15959	58	0.5	3.258064516	0.556399219216473
15959	7	-0.5	3.88172043	0.57878052914748
15959	2	0.5	3.215053763	0.64812206759234
15959	59	-0.5	3.259259259	1.00451042788154
15959	27	-0.5	3.540229885	2.07472465334104
15959	5	0.5	3.776595745	0.902982431049168
15959	64	0.5	2.827586207	0.685564180899746
15959	35	-0.5	3.090909091	1.28472572599276
15959	24	-0.5	2.806451613	1.44428277442967
15959	44	0.5	3.125	0.605950030392705
16425	4	-0.5	3.578313253	3.03115125050226
16425	25	0.5	3.387096774	1.34470739939388
16425	21	-0.5	3.731707317	1.82797305819895
16425	29	0.5	3.370786517	2.20137787878775
16425	13	-0.5	4.163043478	1.00772797322406
16425	61	0.5	3.592592593	2.58615235128309
16425	10	0.5	3.510869565	1.76253606503451
16425	15	-0.5	3.494505495	1.08756118433939
16425	52	0.5	3.4	1.06740316859123
16425	38	0.5	3.390804598	1.41269588506839
16425	47	-0.5	3.269230769	0.928260585284079
16425	64	0.5	2.827586207	1.0752794574546
16425	18	-0.5	3.209302326	2.69185902730715
16425	43	-0.5	3	1.90109035170281
16425	12	0.5	3.056818182	1.09033548137268
16425	55	0.5	3.083333333	1.10996942645215
16425	44	-0.5	3.125	1.21834512188798
16425	14	-0.5	3.321428571	3.81776642604018
16425	31	0.5	3.29787234	1.73290670515962
16425	17	-0.5	3.95505618	2.13115936151371
16425	11	0.5	3.112359551	1.96446416836443
16425	36	-0.5	3.701149425	1.05203693986368
16425	59	0.5	3.259259259	1.1533222869075
16425	5	-0.5	3.776595745	1.24665486983395
16425	63	-0.5	3	2.7342127435586
16425	48	0.5	3.130434783	1.91538360946652
16425	50	-0.5	3.392857143	1.69091682571343
16425	54	0.5	3.703703704	1.24527765316998
16425	57	-0.5	2.896551724	1.24549979556832
16425	60	0.5	3.266666667	2.92605670755802
16425	53	-0.5	3.15	1.86424616423756
16425	40	0.5	3.563218391	1.68375629224101
16425	62	-0.5	2.825581395	1.48531228222237
16425	19	0.5	3.315217391	1.24462413737638
16425	7	0.5	3.88172043	2.03997636219538
16425	1	-0.5	3.302083333	1.09524645060446
16425	32	-0.5	3.488636364	3.24172105734397
16425	23	0.5	3.436170213	1.88117036931544
16425	2	0.5	3.215053763	1.01950449995638
16425	35	-0.5	3.090909091	0.932142945819578
16425	51	0.5	4.214285714	2.12330724015374
16425	9	-0.5	4.010869565	1.81867783889538
16425	58	-0.5	3.258064516	1.2139254482172
16425	42	0.5	3.582417582	1.96540272827951
16425	49	0.5	3.285714286	1.26074187615814
16425	56	-0.5	3.333333333	0.862230991679098
16425	46	0.5	3.541666667	1.00865560810234
16425	34	-0.5	3.174418605	1.06585777258442
16425	20	0.5	3.80952381	2.39835627866705
16425	16	0.5	3.359550562	1.86870457212899
16425	8	-0.5	3.430232558	1.03328858482746
16425	33	0.5	3.739130435	0.688816901361861
16425	3	-0.5	4.054945055	1.28213442098058
16425	37	0.5	3.071428571	1.61200197974904
16425	28	-0.5	3.068181818	1.18766397899708
16425	24	-0.5	2.806451613	0.994158416333448
16425	30	0.5	3.780487805	0.789651673434491
16425	26	-0.5	3.081395349	2.7720213137527
16425	41	-0.5	3.896551724	0.57634365528429
16425	22	0.5	3.313953488	1.42989851303537
16501	11	-0.5	3.112359551	3.38940651550729
16501	38	0.5	3.390804598	2.64383282729614
16501	42	-0.5	3.582417582	2.24603238452255
16501	24	0.5	2.806451613	2.04452251055045
16501	39	-0.5	3.75	1.76473994352637
16501	9	0.5	4.010869565	2.17633537570146
16501	27	-0.5	3.540229885	1.90459182981067
16501	51	-0.5	4.214285714	2.59909479072667
16501	63	0.5	3	1.58552956331914
16501	60	-0.5	3.266666667	2.42583835813639
16501	57	0.5	2.896551724	2.03713006746693
16501	5	0.5	3.776595745	1.83839024908593
16501	18	-0.5	3.209302326	2.92164354645138
16501	50	0.5	3.392857143	2.54204793417739
16501	41	0.5	3.896551724	2.8333407823884
16501	32	-0.5	3.488636364	2.00555534036175
16501	21	-0.5	3.731707317	2.17477107395825
16501	56	0.5	3.333333333	1.24626413292935
16501	40	-0.5	3.563218391	1.75860523214942
16501	30	0.5	3.780487805	1.66013566551555
16501	47	-0.5	3.269230769	1.87836320735732
16501	26	0.5	3.081395349	1.27968953659365
16501	4	0.5	3.578313253	1.1572624818873
16501	54	-0.5	3.703703704	1.98353957286236
16501	6	0.5	3.56043956	1.42700603903359
16501	17	-0.5	3.95505618	1.57335151564985
16501	59	0.5	3.259259259	0.85769158061521
16501	20	0.5	3.80952381	1.38310428314071
16501	61	-0.5	3.592592593	0.89138581242878
16501	43	-0.5	3	1.89886963059689
16501	13	0.5	4.163043478	1.99935871905473
16501	33	-0.5	3.739130435	2.37366649484102
16501	55	0.5	3.083333333	1.32193561565873
16501	25	-0.5	3.387096774	1.18742122623371
16501	44	0.5	3.125	1.07500437838826
16501	2	0.5	3.215053763	2.05429964472933
16501	23	-0.5	3.436170213	1.29869125053665
16501	3	0.5	4.054945055	1.67715063348442
16501	15	-0.5	3.494505495	1.71237076301622
16501	1	0.5	3.302083333	1.28396032864839
16501	34	-0.5	3.174418605	2.16121577862577
16501	49	0.5	3.285714286	1.48951255695647
16501	7	0.5	3.88172043	1.25284280803317
16501	46	-0.5	3.541666667	1.17412681338828
16501	14	-0.5	3.321428571	0.9637217734562
16501	53	0.5	3.15	1.17523655718469
16501	12	-0.5	3.056818182	1.61261764128358
16501	45	-0.5	3.346153846	1.43881726207837
16501	8	0.5	3.430232558	1.02743967340575
16501	28	-0.5	3.068181818	0.743027435368276
16501	35	0.5	3.090909091	2.03557768421888
16501	64	-0.5	2.827586207	0.873736515964993
16501	22	-0.5	3.313953488	1.25630115639069
16501	52	0.5	3.4	1.13587740112052
16501	62	-0.5	2.825581395	0.866154701332562
16501	19	0.5	3.315217391	1.04575508099879
16501	37	0.5	3.071428571	0.963047054527124
16501	48	-0.5	3.130434783	0.957439736310334
16501	29	-0.5	3.370786517	0.816028514323989
16501	16	0.5	3.359550562	0.692331809423194
17231	60	0.5	3.266666667	2.71963859406424
17231	58	-0.5	3.258064516	5.47003827465142
17231	13	0.5	4.163043478	3.24023476620187
17231	46	-0.5	3.541666667	1.26353062385897
17231	12	-0.5	3.056818182	2.39197202351806
17231	10	0.5	3.510869565	1.42846619657394
17231	20	0.5	3.80952381	1.30476004763386
17231	17	-0.5	3.95505618	1.6690724199043
17231	21	-0.5	3.731707317	1.12165717552944
17231	34	0.5	3.174418605	1.8290913172068
17231	32	0.5	3.488636364	2.16042445432686
17231	29	-0.5	3.370786517	3.80068544103233
17231	15	-0.5	3.494505495	1.20397995455733
17231	35	0.5	3.090909091	0.735442737500307
17231	37	0.5	3.071428571	2.90072195771791
17231	50	-0.5	3.392857143	3.29683695316453
17231	5	0.5	3.776595745	1.34435830450002
17231	45	-0.5	3.346153846	1.37563386907641
17231	52	0.5	3.4	1.26509491524212
17231	33	-0.5	3.739130435	0.853541936417059
17231	59	-0.5	3.259259259	1.26511312392449
17231	56	0.5	3.333333333	1.00761619539844
17231	1	-0.5	3.302083333	1.02996751902083
17231	49	-0.5	3.285714286	1.25839279571755
17231	3	0.5	4.054945055	0.799059902262343
17231	19	0.5	3.315217391	1.50940743318097
17231	57	-0.5	2.896551724	2.44563499801461
17231	51	-0.5	4.214285714	1.23519658921578
17231	14	0.5	3.321428571	1.04072653306412
17231	7	-0.5	3.88172043	1.44199326146281
17231	25	0.5	3.387096774	1.17558665892921
17231	11	-0.5	3.112359551	0.798927144412119
17231	36	-0.5	3.701149425	1.48428872084605
17231	64	0.5	2.827586207	0.630601446034234
17231	4	0.5	3.578313253	0.634955307615201
17231	53	-0.5	3.15	0.765243067706251
17231	2	-0.5	3.215053763	0.981776088159677
17231	42	0.5	3.582417582	1.40336072691662
17231	16	-0.5	3.359550562	3.27461971166122
17231	23	0.5	3.436170213	1.31909458483642
17231	28	-0.5	3.068181818	1.82739294370549
17231	39	0.5	3.75	1.19294383747001
17231	54	-0.5	3.703703704	0.997262738380414
17231	8	0.5	3.430232558	0.851635983932283
17231	27	-0.5	3.540229885	3.66292086473368
17231	62	0.5	2.825581395	1.16234828442794
17231	22	-0.5	3.313953488	3.2795536025551
17231	55	0.5	3.083333333	2.19298654510749
17231	26	-0.5	3.081395349	1.04630401812665
17231	44	-0.5	3.125	1.47783059767244
17231	61	0.5	3.592592593	1.24435688091216
17231	48	0.5	3.130434783	1.02768117059986
17231	9	-0.5	4.010869565	0.871075242580446
17231	38	0.5	3.390804598	1.48151636612965
17231	43	-0.5	3	0.965887191581714
17231	30	0.5	3.780487805	1.14947938065325
17231	41	0.5	3.896551724	1.02677636459975
17231	24	-0.5	2.806451613	1.21503891526572
17231	6	0.5	3.56043956	1.21060195587779
17231	18	0.5	3.209302326	1.0349662990393
17273	27	-0.5	3.540229885	3.09743571237959
17273	39	0.5	3.75	1.10898222386095
17273	9	-0.5	4.010869565	2.0162264290866
17273	40	-0.5	3.563218391	1.21068766582175
17273	31	0.5	3.29787234	0.566273340824409
17273	64	-0.5	2.827586207	0.936605258748386
17273	57	0.5	2.896551724	2.38809580720954
17273	49	-0.5	3.285714286	1.12945785657394
17273	58	0.5	3.258064516	1.11469108769597
17273	28	0.5	3.068181818	1.46027234630856
17273	18	-0.5	3.209302326	0.69059043901143
17273	56	0.5	3.333333333	1.01699747663224
17273	24	-0.5	2.806451613	0.803318980615586
17273	23	-0.5	3.436170213	1.97186520671858
17273	32	0.5	3.488636364	1.09028936960931
17273	47	0.5	3.269230769	0.746748457077047
17273	52	-0.5	3.4	0.752028924380284
17273	55	0.5	3.083333333	0.984686975885779
17273	46	0.5	3.541666667	0.86395827801789
17273	15	-0.5	3.494505495	0.779221510139905
17273	35	-0.5	3.090909091	1.0727350436955
17273	61	0.5	3.592592593	0.791906881027899
17273	63	-0.5	3	0.714284673798829
17273	53	0.5	3.15	0.807019942618354
17273	38	0.5	3.390804598	0.853223203863308
17273	54	-0.5	3.703703704	0.626561379554914
17273	21	-0.5	3.731707317	1.85312885068561
17273	25	0.5	3.387096774	0.673669769174012
17273	59	-0.5	3.259259259	1.44197180263473
17273	17	0.5	3.95505618	0.786533715867336
17273	43	0.5	3	0.944888143480057
17273	41	-0.5	3.896551724	1.67618519178177
17273	10	0.5	3.510869565	1.30347921548491
17273	50	-0.5	3.392857143	0.977394965049825
17273	22	0.5	3.313953488	1.34737496217713
17273	51	-0.5	4.214285714	1.43972255530934
17273	26	-0.5	3.081395349	1.01914276993011
17273	7	0.5	3.88172043	0.738381813211163
17273	2	-0.5	3.215053763	0.967865625183549
17273	60	0.5	3.266666667	1.1412440582335
17273	30	-0.5	3.780487805	0.595541696489818
17273	4	0.5	3.578313253	0.555141652259408
17273	3	-0.5	4.054945055	0.430745429830495
17273	33	0.5	3.739130435	1.55939813928853
17273	11	-0.5	3.112359551	1.2338617994119
17273	13	0.5	4.163043478	0.916237552830353
17273	34	-0.5	3.174418605	1.21154710739575
17273	42	0.5	3.582417582	0.772091720558819
17273	44	0.5	3.125	1.87836518056429
17273	8	-0.5	3.430232558	0.777749931636208
17273	62	0.5	2.825581395	1.58324896724662
17273	20	-0.5	3.80952381	0.905875587555784
17273	5	0.5	3.776595745	1.26344963162592
17273	36	0.5	3.701149425	1.08172408747305
17273	16	-0.5	3.359550562	2.17693637549928
17273	29	-0.5	3.370786517	1.38349501384801
17273	45	0.5	3.346153846	0.704136244663459
17273	48	-0.5	3.130434783	1.21242575067117
17273	14	-0.5	3.321428571	1.48441550358439
17273	37	0.5	3.071428571	1.1045655019625
17349	56	-0.5	3.333333333	5.94788144964036
17349	49	0.5	3.285714286	3.16728079201312
17349	8	-0.5	3.430232558	3.31428088073858
17349	29	0.5	3.370786517	1.98581287683464
17349	42	-0.5	3.582417582	2.0520698838227
17349	55	0.5	3.083333333	2.15560148528925
17349	34	-0.5	3.174418605	1.61672387467729
17349	5	-0.5	3.776595745	1.83633145685758
17349	59	0.5	3.259259259	0.805675180331036
17349	4	0.5	3.578313253	1.0612003220599
17349	19	-0.5	3.315217391	0.79159101834216
17349	13	0.5	4.163043478	3.10015573291798
17349	24	0.5	2.806451613	2.08331975967349
17349	9	-0.5	4.010869565	0.812664290945122
17349	16	-0.5	3.359550562	0.764291077536654
17349	14	0.5	3.321428571	1.83173064826474
17349	2	-0.5	3.215053763	1.8800628096285
17349	30	0.5	3.780487805	2.13330691435613
17349	21	0.5	3.731707317	0.808581267819363
17349	41	-0.5	3.896551724	0.761978589372347
17349	11	0.5	3.112359551	0.942462579736912
17349	48	0.5	3.130434783	3.06074113507566
17349	54	-0.5	3.703703704	1.39404533469997
17349	1	-0.5	3.302083333	0.738589517956143
17349	63	0.5	3	1.29008798380164
17349	45	-0.5	3.346153846	1.42342767358059
17349	17	-0.5	3.95505618	1.08794672239151
17349	44	0.5	3.125	1.2404822158569
17349	61	-0.5	3.592592593	0.729845432430466
17349	40	0.5	3.563218391	1.32841404032911
17349	46	-0.5	3.541666667	0.526984767042904
17349	39	-0.5	3.75	0.614501767224283
17349	57	0.5	2.896551724	1.42208785402431
17349	62	0.5	2.825581395	0.489395660931223
17349	20	-0.5	3.80952381	0.911992361671082
17349	38	-0.5	3.390804598	0.498530403011955
17349	7	0.5	3.88172043	1.248191723643
17349	51	-0.5	4.214285714	0.886461300502333
17349	18	0.5	3.209302326	2.73508751368968
17349	35	-0.5	3.090909091	0.782503287474356
17349	6	0.5	3.56043956	0.789071283565136
17349	25	-0.5	3.387096774	1.22734191983204
17349	64	0.5	2.827586207	0.558929217005243
17349	50	0.5	3.392857143	0.780599002302779
17349	32	-0.5	3.488636364	0.664024768949957
17349	15	-0.5	3.494505495	0.575591712254209
17349	53	0.5	3.15	0.685242054774108
17349	28	0.5	3.068181818	0.694558882536739
17349	58	-0.5	3.258064516	0.64414498522774
17349	43	-0.5	3	1.37568911154108
17349	12	0.5	3.056818182	0.612042286254564
17349	23	0.5	3.436170213	0.64861734064857
17349	52	-0.5	3.4	0.689056584284344
17349	47	-0.5	3.269230769	0.575513912008091
17349	31	0.5	3.29787234	0.834170927471632
17349	3	0.5	4.054945055	0.958462614167729
17349	22	-0.5	3.313953488	0.458784078163035
17349	26	0.5	3.081395349	0.52907146896132
17349	36	-0.5	3.701149425	0.736011184695826
17349	27	0.5	3.540229885	1.28450755423842
17462	28	-0.5	3.068181818	2.77547080736076
17462	2	0.5	3.215053763	1.90077091767125
17462	7	0.5	3.88172043	0.924030211655918
17462	8	-0.5	3.430232558	1.91837959633813
17462	57	0.5	2.896551724	0.841988362408301
17462	56	-0.5	3.333333333	4.33316515237493
17462	23	0.5	3.436170213	2.90559685037988
17462	5	-0.5	3.776595745	1.93181983714203
17462	39	0.5	3.75	4.36024162439026
17462	54	-0.5	3.703703704	7.12541035491449
17462	35	-0.5	3.090909091	3.49238716315813
17462	44	0.5	3.125	2.1356157608061
17462	64	-0.5	2.827586207	1.97788552835846
17462	52	-0.5	3.4	1.18439519081949
17462	45	0.5	3.346153846	2.28685612847403
17462	36	0.5	3.701149425	5.63997621630006
17462	4	-0.5	3.578313253	3.15910944872485
17462	40	0.5	3.563218391	7.20336587038946
17462	55	-0.5	3.083333333	2.73046617907312
17462	15	-0.5	3.494505495	1.37598839418933
17462	24	0.5	2.806451613	6.11133877339125
17462	33	0.5	3.739130435	2.85851048615041
17462	60	-0.5	3.266666667	0.971791286106964
17462	18	-0.5	3.209302326	2.73920231904413
17462	32	0.5	3.488636364	4.43264915465807
17462	41	-0.5	3.896551724	1.01286021513806
17462	27	0.5	3.540229885	2.93636105405676
17462	21	0.5	3.731707317	2.60756397166551
17462	25	-0.5	3.387096774	4.94870580118368
17462	58	0.5	3.258064516	2.79190453678166
17462	26	-0.5	3.081395349	1.83121220066823
17462	50	0.5	3.392857143	3.27253028912673
17462	13	-0.5	4.163043478	3.97379224222277
17462	10	0.5	3.510869565	1.73895104080293
17462	62	0.5	2.825581395	2.91215259707133
17462	59	-0.5	3.259259259	4.88136091500928
17462	19	-0.5	3.315217391	1.57058435599356
17462	42	0.5	3.582417582	2.15404448717345
17462	53	-0.5	3.15	4.43221281115257
17462	38	0.5	3.390804598	2.51135188356056
17462	14	-0.5	3.321428571	1.64995484275096
17462	9	-0.5	4.010869565	0.741249293178043
17462	12	0.5	3.056818182	3.5414205199304
17462	48	0.5	3.130434783	2.9698651506551
17462	43	-0.5	3	1.24310060796779
17462	29	0.5	3.370786517	4.18033004519748
17462	61	-0.5	3.592592593	6.19143925820208
17462	17	0.5	3.95505618	1.58460296713565
17462	6	0.5	3.56043956	4.50982666767413
17462	3	-0.5	4.054945055	2.21310877864744
17462	63	-0.5	3	1.68548009042024
17462	30	0.5	3.780487805	1.20479706385231
17462	1	-0.5	3.302083333	2.88105103828457
17462	46	0.5	3.541666667	1.12245162811087
17462	37	-0.5	3.071428571	1.95284311895011
17462	20	0.5	3.80952381	4.47498043406631
17462	16	-0.5	3.359550562	2.94833732597544
17462	11	-0.5	3.112359551	2.31784413200694
17462	51	0.5	4.214285714	2.27606440668569
17462	22	0.5	3.313953488	1.92638308973437
17476	17	0.5	3.95505618	1.70335949446735
17476	9	-0.5	4.010869565	2.24687359879499
17476	10	0.5	3.510869565	1.07671923312262
17476	20	0.5	3.80952381	1.44508656814469
17476	11	-0.5	3.112359551	1.15065118539064
17476	63	0.5	3	0.839729581380652
17476	15	0.5	3.494505495	0.680500677178998
17476	52	-0.5	3.4	1.26401452670189
17476	24	0.5	2.806451613	2.03310267605161
17476	14	-0.5	3.321428571	0.827864173496437
17476	7	0.5	3.88172043	1.00212655798077
17476	40	-0.5	3.563218391	2.20208069312548
17476	35	-0.5	3.090909091	1.03686175391317
17476	41	0.5	3.896551724	1.76069304060979
17476	51	0.5	4.214285714	0.802788908773891
17476	61	-0.5	3.592592593	1.28687475957213
17476	36	0.5	3.701149425	2.40799301268771
17476	2	0.5	3.215053763	1.83497110266444
17476	42	-0.5	3.582417582	1.87176207747962
17476	49	-0.5	3.285714286	3.2088043534809
17476	56	0.5	3.333333333	1.55480584762745
17476	47	-0.5	3.269230769	0.826404708509017
17476	60	-0.5	3.266666667	1.81070696639699
17476	1	0.5	3.302083333	0.987527661356125
17476	58	-0.5	3.258064516	1.39495868801077
17476	48	-0.5	3.130434783	2.4084017619748
17476	21	0.5	3.731707317	0.90981256633313
17476	6	-0.5	3.56043956	1.17873491564751
17476	29	-0.5	3.370786517	0.952204291124417
17476	25	0.5	3.387096774	1.06101972153374
17476	18	-0.5	3.209302326	1.40552706893504
17476	16	-0.5	3.359550562	1.58547053766961
17476	8	0.5	3.430232558	1.13039491551262
17476	5	-0.5	3.776595745	0.795046029416881
17476	32	-0.5	3.488636364	1.61278843809305
17476	50	0.5	3.392857143	1.95112703326231
17476	34	-0.5	3.174418605	1.55158327532399
17476	13	-0.5	4.163043478	1.03218219389009
17476	31	0.5	3.29787234	1.85593728688855
17476	27	-0.5	3.540229885	1.26123680102546
17476	19	0.5	3.315217391	0.840773219171297
17476	59	0.5	3.259259259	1.09871702269174
17476	54	-0.5	3.703703704	1.02093008688462
17476	12	0.5	3.056818182	1.63163018770956
17476	4	0.5	3.578313253	0.796788964689313
17476	43	-0.5	3	2.30354465258597
17476	39	-0.5	3.75	1.19712190956352
17476	22	0.5	3.313953488	0.80505596326293
17476	62	-0.5	2.825581395	3.16759994804852
17476	3	0.5	4.054945055	1.70641892095136
17476	46	0.5	3.541666667	0.714148352280517
17476	57	-0.5	2.896551724	1.58781615695671
17476	23	0.5	3.436170213	1.89202153241695
17476	45	0.5	3.346153846	0.809713935661421
17476	26	-0.5	3.081395349	1.15584495555595
17476	55	0.5	3.083333333	1.32151298814142
17476	64	-0.5	2.827586207	1.36991102713546
17476	44	0.5	3.125	1.26861092128547
17476	30	0.5	3.780487805	1.0653432626973
17476	53	-0.5	3.15	1.34750590386147
17668	9	0.5	4.010869565	4.57533379764891
17668	57	-0.5	2.896551724	1.97706804489144
17668	30	0.5	3.780487805	1.8502242304819
17668	24	-0.5	2.806451613	2.00588321895316
17668	64	0.5	2.827586207	2.14477269767372
17668	14	-0.5	3.321428571	1.27865273436623
17668	17	-0.5	3.95505618	3.0637835921043
17668	40	0.5	3.563218391	3.16313015277115
17668	33	-0.5	3.739130435	0.664490894883556
17668	25	0.5	3.387096774	4.70977157935272
17668	58	-0.5	3.258064516	1.04379147697682
17668	10	0.5	3.510869565	1.38334989581199
17668	5	0.5	3.776595745	0.911935035446504
17668	59	-0.5	3.259259259	1.42115870818338
17668	50	-0.5	3.392857143	2.19319848361306
17668	61	0.5	3.592592593	1.78668624436614
17668	2	-0.5	3.215053763	4.2544814245432
17668	3	-0.5	4.054945055	1.33889344239083
17668	21	0.5	3.731707317	2.22553035321971
17668	6	-0.5	3.56043956	3.3358622964372
17668	37	0.5	3.071428571	4.2681320213585
17668	56	-0.5	3.333333333	4.59234502049776
17668	7	0.5	3.88172043	1.68710186349108
17668	60	-0.5	3.266666667	1.18427173223722
17668	32	0.5	3.488636364	2.16685034030957
17668	44	-0.5	3.125	4.03674817671163
17668	48	0.5	3.130434783	4.13038209780075
17668	11	0.5	3.112359551	0.928757983964033
17668	13	-0.5	4.163043478	1.83834631435298
17668	18	-0.5	3.209302326	1.28249253980653
17668	12	0.5	3.056818182	2.02679653348741
17668	15	0.5	3.494505495	1.64401499966039
17668	22	-0.5	3.313953488	2.88429940714809
17668	28	-0.5	3.068181818	2.32985662838905
17668	54	0.5	3.703703704	6.05248748612735
17668	16	-0.5	3.359550562	1.70324037111277
17668	36	0.5	3.701149425	2.34640459729098
17668	4	-0.5	3.578313253	2.90705653609211
17668	20	0.5	3.80952381	1.16615634413711
17668	8	-0.5	3.430232558	2.91478958573975
17668	31	0.5	3.29787234	1.48560586113581
17668	1	0.5	3.302083333	1.44111260220598
17668	26	-0.5	3.081395349	1.23657165183113
17668	46	-0.5	3.541666667	1.10146853978381
17668	34	0.5	3.174418605	4.42566278226991
17668	27	-0.5	3.540229885	3.47193898496062
17668	35	-0.5	3.090909091	0.951447518176337
17668	45	0.5	3.346153846	4.31263058877494
17668	41	0.5	3.896551724	1.42747616135534
17668	52	-0.5	3.4	1.11076440794091
17668	62	-0.5	2.825581395	4.40388524608738
17668	53	0.5	3.15	1.7166570406107
17668	63	-0.5	3	1.13544179350424
17668	55	0.5	3.083333333	1.388087189418
17668	42	0.5	3.582417582	2.38839472775248
17668	39	-0.5	3.75	3.67188066238577
17668	43	0.5	3	3.10216890614038
17668	19	-0.5	3.315217391	1.1462247457589
17668	47	0.5	3.269230769	1.54633778113748
17668	49	0.5	3.285714286	2.36691022004038
